Participant 202_training	; Experiment run on 2017-08-09T13:09:15.908000				
Trial	Input	Output	Predict	Error	RT
1	107	25	60	35	14539
2	91	30	20	10	2665
3	83	47	30	17	3718
4	111	34	60	26	4783
5	93	25	70	45	5935
6	117	47	30	17	3350
7	87	39	20	19	8191
8	105	21	40	19	4335
9	95	21	30	9	3997
10	109	30	50	20	4159
11	85	43	25	18	7055
12	101	12	40	28	2295
13	97	17	30	13	8175
14	115	43	40	3	2639
15	81	52	10	42	5838
16	119	52	60	8	3214
17	89	34	10	24	2997
18	103	17	50	33	11143
19	99	12	30	18	2503
20	113	39	20	19	3151
21	81	52	10	42	3099
22	99	12	20	8	3006
23	83	47	40	7	5863
24	93	25	20	5	3295
25	101	12	10	2	3631
26	105	21	10	11	3815
27	85	43	30	13	2486
28	119	52	10	42	2327
29	117	47	10	37	5534
30	115	43	10	33	5487
31	111	34	20	14	13438
32	103	17	10	7	3694
33	91	30	60	30	8376
34	97	17	30	13	3310
35	113	39	10	29	3584
36	87	39	50	11	5431
37	95	21	20	1	1959
38	107	25	10	15	5486
39	109	30	21	9	7648
40	89	34	31	3	5943
41	101	12	35	23	10573
42	93	25	50	25	50880
43	91	30	40	10	11903
44	99	12	30	18	11318
45	103	17	20	3	2576
46	115	43	10	33	2985
47	81	52	50	2	6118
48	119	52	20	32	3857
49	97	17	40	23	3558
50	107	25	20	5	2711
51	85	43	16	27	4114
52	105	21	10	11	2760
53	111	34	30	4	3003
54	109	30	30	0	5039
55	89	34	40	6	3257
56	113	39	40	1	3279
57	117	47	30	17	5833
58	95	21	10	11	6334
59	83	47	20	27	16551
60	87	39	20	19	2942
61	83	47	20	27	3636
62	99	12	11	1	918
63	107	25	50	25	8184
64	85	43	40	3	9815
65	103	17	10	7	0
66	113	39	50	11	3694
67	97	17	50	33	4841
68	111	34	20	14	2958
69	119	52	30	22	2248
70	95	21	10	11	2151
71	101	12	20	8	7038
72	91	30	10	20	1671
73	117	47	20	27	2226
74	93	25	20	5	2189
75	87	39	10	29	1663
76	115	43	20	23	7022
77	89	34	60	26	6871
78	109	30	10	20	2687
79	81	52	10	42	4847
80	105	21	50	29	9304
81	107	25	35	10	9197
82	97	17	40	23	3855
83	91	30	50	20	4630
84	117	47	20	27	2215
85	101	12	10	2	0
86	85	43	50	7	3405
87	119	52	20	32	2207
88	105	21	40	19	3134
89	99	12	40	28	2843
90	93	25	40	15	2252
91	103	17	20	3	5502
92	111	34	25	9	9918
93	113	39	25	14	8734
94	89	34	40	6	2246
95	87	39	20	19	2080
96	83	47	40	7	1760
97	109	30	10	20	2390
98	115	43	25	18	6397
99	95	21	10	11	2998
100	81	52	30	22	4687
101	93	25	20	5	2196
102	109	30	10	20	3919
103	119	52	30	22	6696
104	105	21	20	1	4080
105	87	39	10	29	1910
106	97	17	30	13	4711
107	83	47	10	37	2527
108	107	25	25	0	6496
109	113	39	30	9	7038
110	117	47	26	21	15760
111	103	17	30	13	2776
112	115	43	40	3	10782
113	95	21	20	1	2600
114	91	30	30	0	2006
115	111	34	30	4	3615
116	81	52	20	32	2030
117	101	12	20	8	2119
118	85	43	50	7	3272
119	99	12	30	18	4608
120	89	34	30	4	2327
121	111	34	30	4	1715
122	119	52	30	22	7798
123	85	43	20	23	7884
124	81	52	10	42	2038
125	95	21	10	11	0
126	107	25	50	25	3198
127	117	47	40	7	3253
128	101	12	20	8	2471
129	115	43	20	23	2062
130	89	34	10	24	2438
131	93	25	20	5	11710
132	83	47	10	37	10957
133	113	39	20	19	2391
134	105	21	30	9	22535
135	109	30	20	10	5391
136	97	17	10	7	1703
137	91	30	20	10	1814
138	103	17	10	7	1486
139	87	39	40	1	2031
140	99	12	20	8	2870
141	103	17	30	13	4547
142	91	30	20	10	1109
143	107	25	30	5	1903
144	87	39	10	29	1
145	89	34	40	6	3164
146	113	39	25	14	4421
147	119	52	41	11	4007
148	105	21	10	11	2094
149	83	47	43	4	4071
150	111	34	61	27	4223
151	109	30	40	10	3614
152	95	21	31	10	3647
153	117	47	40	7	3086
154	85	43	50	7	4888
155	101	12	31	19	2587
156	93	25	21	4	2071
157	115	43	20	23	1791
158	99	12	30	18	1895
159	81	52	50	2	3151
160	97	17	20	3	1582
161	91	30	40	10	2860
162	93	25	30	5	2338
163	107	25	20	5	3734
164	99	12	40	28	5095
165	89	34	20	14	3294
166	113	39	20	19	3247
167	85	43	40	3	2311
168	83	47	30	17	1695
169	97	17	20	3	3391
170	105	21	30	9	4030
171	103	17	30	13	6127
172	109	30	30	0	3446
173	87	39	20	19	4023
174	95	21	30	9	3013
175	119	52	10	42	1983
176	81	52	10	42	1936
177	101	12	20	8	2598
178	115	43	10	33	2337
179	111	34	30	4	3957
180	117	47	20	27	2006
181	107	25	20	5	2356
182	109	30	20	10	2735
183	95	21	40	19	2608
184	91	30	20	10	2423
185	81	52	40	12	2542
186	113	39	10	29	5759
187	99	12	40	28	2151
188	85	43	50	7	3167
189	115	43	50	7	1912
190	119	52	50	2	2710
191	87	39	40	1	2399
192	117	47	30	17	2029
193	103	17	40	23	2127
194	93	25	10	15	1495
195	83	47	40	7	1902
196	97	17	50	33	2166
197	89	34	50	16	2287
198	105	21	10	11	2423
199	101	12	20	8	2591
200	111	34	10	24	1167
1	53	113	20	93	8424
2	79	56	50	6	2794
3	137	91	20	71	1675
4	133	83	30	53	1995
5	141	100	20	80	2483
6	114	41	30	11	1667
7	73	69	50	19	2595
8	51	118	30	88	3674
9	125	65	20	45	1410
10	100	10	20	10	1449
11	143	105	20	85	2106
12	75	65	30	35	1739
13	84	45	10	35	1412
14	61	96	10	86	2017
15	127	69	30	39	2186
16	65	87	40	47	2211
17	57	105	40	65	2978
18	71	74	20	54	2027
19	135	87	50	37	4185
20	67	83	20	63	1458
21	108	28	31	3	3123
22	145	109	20	89	1475
23	59	100	10	90	1635
24	69	78	20	58	2099
25	120	54	20	34	2019
26	77	61	20	41	1722
27	149	118	30	88	7345
28	55	109	40	69	2898
29	139	96	30	66	2057
30	129	74	24	50	7194
31	123	61	40	21	1913
32	131	78	40	38	6931
33	63	91	40	51	3754
34	147	113	50	63	4355
35	121	56	20	36	13514
36	92	28	30	2	5234