Participant 205_training	; Experiment run on 2017-08-31T14:29:19.279000
Trial	Input	Output	Predict	Error	RT
1	107	25	107	82	18691
2	91	30	46	16	26937
3	83	47	28	19	49176
4	111	34	34	0	23401
5	93	25	30	5	11706
6	117	47	40	7	30500
7	87	39	29	10	16025
8	105	21	35	14	9921
9	95	21	32	11	8643
10	109	30	35	5	28615
11	85	43	25	18	9205
12	101	12	35	23	7607
13	97	17	35	18	8720
14	115	43	35	8	17385
15	81	52	20	32	7999
16	119	52	40	12	11074
17	89	34	30	4	6894
18	103	17	41	24	17485
19	99	12	35	23	10567
20	113	39	32	7	9956
21	81	52	40	12	7675
22	99	12	30	18	8575
23	83	47	53	6	10342
24	93	25	32	7	6445
25	101	12	33	21	6693
26	105	21	12	9	5221
27	85	43	42	1	12206
28	119	52	20	32	8982
29	117	47	55	8	10614
30	115	43	55	12	15494
31	111	34	55	21	7615
32	103	17	30	13	6181
33	91	30	30	0	4246
34	97	17	32	15	6199
35	113	39	53	14	8509
36	87	39	30	9	22014
37	95	21	35	14	6846
38	107	25	50	25	5414
39	109	30	55	25	5158
40	89	34	30	4	4872
41	101	12	10	2	8987
42	93	25	30	5	4006
43	91	30	30	0	3934
44	99	12	10	2	3119
45	103	17	10	7	2431
46	115	43	15	28	9583
47	81	52	30	22	6750
48	119	52	40	12	4439
49	97	17	10	7	5397
50	107	25	17	8	10726
51	85	43	55	12	7263
52	105	21	30	9	4846
53	111	34	20	14	7886
54	109	30	20	10	5806
55	89	34	30	4	2982
56	113	39	30	9	5725
57	117	47	40	7	6119
58	95	21	33	12	4521
59	83	47	50	3	10132
60	87	39	50	11	4928
61	83	47	55	8	6011
62	99	12	33	21	4637
63	107	25	14	11	4920
64	85	43	52	9	4781
65	103	17	13	4	3255
66	113	39	15	24	4934
67	97	17	10	7	3950
68	111	34	40	6	4798
69	119	52	30	22	3102
70	95	21	30	9	4510
71	101	12	10	2	1814
72	91	30	30	0	3000
73	117	47	40	7	4021
74	93	25	30	5	2622
75	87	39	30	9	2606
76	115	43	40	3	5117
77	89	34	30	4	2271
78	109	30	40	10	2638
79	81	52	50	2	4968
80	105	21	30	9	6421
81	107	25	36	11	7666
82	97	17	20	3	5495
83	91	30	30	0	1909
84	117	47	40	7	3375
85	101	12	10	2	2926
86	85	43	55	12	5582
87	119	52	40	12	4142
88	105	21	13	8	5445
89	99	12	10	2	2318
90	93	25	30	5	3030
91	103	17	12	5	4280
92	111	34	40	6	4685
93	113	39	30	9	3175
94	89	34	30	4	2542
95	87	39	30	9	2214
96	83	47	41	6	4534
97	109	30	40	10	3940
98	115	43	35	8	6679
99	95	21	30	9	4749
100	81	52	40	12	3186
101	93	25	30	5	4346
102	109	30	40	10	2950
103	119	52	40	12	2566
104	105	21	10	11	2696
105	87	39	40	1	3870
106	97	17	30	13	2799
107	83	47	40	7	2718
108	107	25	40	15	3229
109	113	39	20	19	3519
110	117	47	40	7	2933
111	103	17	30	13	4016
112	115	43	30	13	2894
113	95	21	30	9	2381
114	91	30	30	0	2150
115	111	34	40	6	3109
116	81	52	40	12	2709
117	101	12	10	2	3510
118	85	43	50	7	3502
119	99	12	10	2	2278
120	89	34	30	4	2222
121	111	34	40	6	4532
122	119	52	50	2	4477
123	85	43	50	7	3439
124	81	52	50	2	3605
125	95	21	30	9	3894
126	107	25	20	5	4829
127	117	47	30	17	4526
128	101	12	10	2	2319
129	115	43	40	3	4245
130	89	34	30	4	3774
131	93	25	30	5	2532
132	83	47	50	3	4022
133	113	39	40	1	5845
134	105	21	20	1	3606
135	109	30	30	0	2190
136	97	17	10	7	7375
137	91	30	30	0	3167
138	103	17	20	3	4910
139	87	39	30	9	4630
140	99	12	10	2	2997
141	103	17	20	3	6426
142	91	30	30	0	1982
143	107	25	20	5	4853
144	87	39	40	1	4550
145	89	34	32	2	6197
146	113	39	40	1	6196
147	119	52	50	2	10454
148	105	21	20	1	3838
149	83	47	51	4	4598
150	111	34	30	4	3735
151	109	30	30	0	2501
152	95	21	20	1	10901
153	117	47	40	7	6861
154	85	43	40	3	5718
155	101	12	10	2	2798
156	93	25	30	5	2829
157	115	43	40	3	4630
158	99	12	10	2	2775
159	81	52	50	2	2614
160	97	17	20	3	5773
161	91	30	29	1	7307
162	93	25	28	3	8182
163	107	25	20	5	12366
164	99	12	10	2	3686
165	89	34	30	4	2494
166	113	39	40	1	4333
167	85	43	40	3	8982
168	83	47	47	0	8612
169	97	17	20	3	7957
170	105	21	20	1	3518
171	103	17	15	2	6934
172	109	30	28	2	11588
173	87	39	39	0	6062
174	95	21	20	1	5398
175	119	52	50	2	5998
176	81	52	50	2	3694
177	101	12	10	2	2974
178	115	43	40	3	6256
179	111	34	30	4	3524
180	117	47	42	5	10109
181	107	25	21	4	8435
182	109	30	30	0	5509
183	95	21	20	1	4782
184	91	30	29	1	5260
185	81	52	50	2	4878
186	113	39	35	4	10997
187	99	12	10	2	3101
188	85	43	40	3	7240
189	115	43	40	3	6045
190	119	52	50	2	5646
191	87	39	38	1	9848
192	117	47	42	5	7037
193	103	17	15	2	6599
194	93	25	20	5	8045
195	83	47	41	6	9885
196	97	17	19	2	5758
197	89	34	30	4	3469
198	105	21	20	1	4215
199	101	12	10	2	2965
200	111	34	30	4	3894
1	53	113	104	9	58831
2	79	56	50	6	5326
3	137	91	85	6	13706
4	133	83	77	6	16121
5	141	100	91	9	16698
6	114	41	40	1	5529
7	73	69	65	4	11722
8	51	118	110	8	15081
9	125	65	60	5	8434
10	100	10	10	0	2760
11	143	105	95	10	12561
12	75	65	60	5	6123
13	84	45	40	5	6776
14	61	96	90	6	6418
15	127	69	65	4	10107
16	65	87	80	7	5113
17	57	105	105	0	9562
18	71	74	69	5	4202
19	135	87	80	7	8680
20	67	83	75	8	9210
21	108	28	25	3	5818
22	145	109	100	9	10201
23	59	100	90	10	7258
24	69	78	70	8	3906
25	120	54	50	4	5346
26	77	61	55	6	9523
27	149	118	110	8	12754
28	55	109	100	9	7609
29	139	96	90	6	9944
30	129	74	70	4	7706
31	123	61	55	6	7953
32	131	78	70	8	8857
33	63	91	82	9	7362
34	147	113	105	8	13032
35	121	56	50	6	5840
36	92	28	30	2	3114
