Participant 206_training	; Experiment run on 2017-08-31T15:26:05.936047
Trial	Input	Output	Predict	Error	RT
1	107	25	53	28	26849
2	91	30	20	10	14780
3	83	47	29	18	35921
4	111	34	38	4	14500
5	93	25	32	7	16531
6	117	47	46	1	13739
7	87	39	31	8	12136
8	105	21	36	15	11509
9	95	21	30	9	13744
10	109	30	38	8	7944
11	85	43	38	5	9389
12	101	12	40	28	11179
13	97	17	19	2	10319
14	115	43	41	2	15203
15	81	52	38	14	6388
16	119	52	46	6	13317
17	89	34	35	1	12330
18	103	17	25	8	8950
19	99	12	20	8	16803
20	113	39	25	14	9659
21	81	52	40	12	8237
22	99	12	33	21	8340
23	83	47	40	7	12618
24	93	25	29	4	11365
25	101	12	22	10	6433
26	105	21	26	5	16383
27	85	43	43	0	6549
28	119	52	53	1	7088
29	117	47	38	9	10089
30	115	43	45	2	8969
31	111	34	24	10	10137
32	103	17	23	6	8718
33	91	30	35	5	12468
34	97	17	28	11	18843
35	113	39	34	5	19438
36	87	39	41	2	11631
37	95	21	33	12	13396
38	107	25	38	13	28211
39	109	30	25	5	5475
40	89	34	33	1	19416
41	101	12	19	7	9020
42	93	25	34	9	5463
43	91	30	32	2	10149
44	99	12	17	5	7463
45	103	17	19	2	10505
46	115	43	52	9	11002
47	81	52	39	13	5796
48	119	52	54	2	5336
49	97	17	27	10	10846
50	107	25	17	8	12130
51	85	43	38	5	7245
52	105	21	14	7	13294
53	111	34	26	8	12362
54	109	30	29	1	5384
55	89	34	32	2	5727
56	113	39	27	12	13122
57	117	47	39	8	5754
58	95	21	35	14	10197
59	83	47	43	4	6642
60	87	39	35	4	10154
61	83	47	42	5	9317
62	99	12	15	3	8447
63	107	25	18	7	7793
64	85	43	41	2	6101
65	103	17	30	13	5917
66	113	39	32	7	16304
67	97	17	14	3	9293
68	111	34	24	10	8189
69	119	52	54	2	6780
70	95	21	36	15	6865
71	101	12	15	3	6976
72	91	30	33	3	5851
73	117	47	46	1	13244
74	93	25	37	12	11516
75	87	39	32	7	6725
76	115	43	43	0	6050
77	89	34	30	4	6850
78	109	30	35	5	7804
79	81	52	39	13	6422
80	105	21	19	2	7546
81	107	25	19	6	12557
82	97	17	17	0	13420
83	91	30	31	1	5033
84	117	47	46	1	7716
85	101	12	13	1	8344
86	85	43	36	7	8780
87	119	52	52	0	3746
88	105	21	21	0	11041
89	99	12	15	3	6681
90	93	25	32	7	6215
91	103	17	14	3	7255
92	111	34	24	10	9861
93	113	39	38	1	9102
94	89	34	28	6	6975
95	87	39	36	3	6597
96	83	47	39	8	6825
97	109	30	36	6	5616
98	115	43	48	5	6952
99	95	21	26	5	10235
100	81	52	48	4	4713
101	93	25	33	8	10548
102	109	30	34	4	7722
103	119	52	53	1	6894
104	105	21	24	3	9013
105	87	39	26	13	8095
106	97	17	27	10	9847
107	83	47	50	3	6362
108	107	25	25	0	10708
109	113	39	38	1	5533
110	117	47	43	4	5754
111	103	17	24	7	17246
112	115	43	43	0	9568
113	95	21	35	14	9051
114	91	30	33	3	4723
115	111	34	35	1	5421
116	81	52	49	3	6051
117	101	12	14	2	6325
118	85	43	37	6	12239
119	99	12	16	4	11399
120	89	34	26	8	5886
121	111	34	35	1	5150
122	119	52	54	2	4238
123	85	43	48	5	7769
124	81	52	51	1	5710
125	95	21	24	3	9541
126	107	25	30	5	7004
127	117	47	45	2	7532
128	101	12	13	1	6244
129	115	43	45	2	9876
130	89	34	28	6	8420
131	93	25	31	6	8290
132	83	47	48	1	7772
133	113	39	37	2	8765
134	105	21	22	1	10395
135	109	30	34	4	5790
136	97	17	20	3	12778
137	91	30	25	5	6702
138	103	17	26	9	13777
139	87	39	47	8	7590
140	99	12	15	3	9754
141	103	17	19	2	10556
142	91	30	30	0	11887
143	107	25	19	6	10887
144	87	39	44	5	11393
145	89	34	31	3	5751
146	113	39	36	3	8654
147	119	52	51	1	12531
148	105	21	24	3	11659
149	83	47	47	0	7779
150	111	34	35	1	7147
151	109	30	34	4	5752
152	95	21	23	2	15418
153	117	47	37	10	8570
154	85	43	45	2	9659
155	101	12	15	3	5189
156	93	25	24	1	12353
157	115	43	43	0	9143
158	99	12	12	0	6167
159	81	52	49	3	5320
160	97	17	24	7	6517
161	91	30	28	2	6428
162	93	25	25	0	7366
163	107	25	19	6	25359
164	99	12	12	0	4658
165	89	34	30	4	3799
166	113	39	38	1	8098
167	85	43	48	5	5130
168	83	47	49	2	10278
169	97	17	23	6	8111
170	105	21	25	4	6908
171	103	17	14	3	9656
172	109	30	35	5	4599
173	87	39	45	6	12492
174	95	21	18	3	8443
175	119	52	51	1	4533
176	81	52	51	1	7892
177	101	12	13	1	6243
178	115	43	36	7	9595
179	111	34	35	1	4756
180	117	47	38	9	6516
181	107	25	25	0	8900
182	109	30	27	3	7115
183	95	21	18	3	6454
184	91	30	30	0	3956
185	81	52	49	3	9374
186	113	39	41	2	8527
187	99	12	12	0	7296
188	85	43	44	1	7222
189	115	43	48	5	9698
190	119	52	51	1	3708
191	87	39	43	4	16881
192	117	47	46	1	8979
193	103	17	19	2	6044
194	93	25	24	1	12014
195	83	47	50	3	6821
196	97	17	22	5	7269
197	89	34	30	4	2759
198	105	21	18	3	9372
199	101	12	13	1	8945
200	111	34	35	1	7388
1	53	113	50	63	46592
2	79	56	49	7	13293
3	137	91	69	22	8375
4	133	83	59	24	18690
5	141	100	71	29	4902
6	114	41	44	3	8782
7	73	69	33	36	27079
8	51	118	48	70	9948
9	125	65	64	1	13819
10	100	10	12	2	5233
11	143	105	72	33	4369
12	75	65	47	18	11675
13	84	45	48	3	12940
14	61	96	20	76	15367
15	127	69	55	14	10254
16	65	87	60	27	23379
17	57	105	47	58	19069
18	71	74	61	13	6865
19	135	87	68	19	15408
20	67	83	43	40	8748
21	108	28	33	5	8466
22	145	109	77	32	7303
23	59	100	51	49	16658
24	69	78	55	23	12888
25	120	54	51	3	4768
26	77	61	47	14	9979
27	149	118	83	35	5595
28	55	109	40	69	5193
29	139	96	68	28	4628
30	129	74	54	20	5196
31	123	61	53	8	5717
32	131	78	59	19	4649
33	63	91	47	44	8819
34	147	113	83	30	8258
35	121	56	52	4	3561
36	92	28	28	0	5779
