Participant 214_training	; Experiment run on 2017-09-14T15:37:55.635000
Trial	Input	Output	Predict	Error	RT
1	107	25	112	87	21864
2	91	30	21	9	9035
3	83	47	24	23	11462
4	111	34	58	24	6773
5	93	25	36	11	7447
6	117	47	53	6	6989
7	87	39	33	6	10157
8	105	21	48	27	8262
9	95	21	38	17	9310
10	109	30	44	14	10710
11	85	43	39	4	7437
12	101	12	38	26	6874
13	97	17	23	6	9189
14	115	43	43	0	5885
15	81	52	17	35	6760
16	119	52	48	4	6158
17	89	34	20	14	4199
18	103	17	28	11	3501
19	99	12	23	11	4214
20	113	39	37	2	5077
21	81	52	25	27	7466
22	99	12	37	25	5423
23	83	47	38	9	4694
24	93	25	13	12	3831
25	101	12	16	4	3405
26	105	21	37	16	5950
27	85	43	19	24	2685
28	119	52	35	17	2871
29	117	47	40	7	2375
30	115	43	47	4	12102
31	111	34	43	9	5934
32	103	17	36	19	7079
33	91	30	10	20	4647
34	97	17	21	4	3287
35	113	39	20	19	1998
36	87	39	20	19	2135
37	95	21	26	5	2815
38	107	25	37	12	6263
39	109	30	34	4	3886
40	89	34	24	10	4062
41	101	12	24	12	2572
42	93	25	14	11	1822
43	91	30	12	18	3039
44	99	12	23	11	5182
45	103	17	20	3	2869
46	115	43	20	23	2969
47	81	52	18	34	2725
48	119	52	37	15	4111
49	97	17	30	13	4429
50	107	25	30	5	2287
51	85	43	40	3	4862
52	105	21	30	9	2775
53	111	34	23	11	2671
54	109	30	22	8	2663
55	89	34	10	24	1295
56	113	39	30	9	3374
57	117	47	37	10	4414
58	95	21	33	12	3518
59	83	47	38	9	5813
60	87	39	40	1	2215
61	83	47	39	8	5091
62	99	12	42	30	3174
63	107	25	40	15	4039
64	85	43	20	23	1150
65	103	17	28	11	3446
66	113	39	21	18	2694
67	97	17	30	13	2390
68	111	34	20	14	1519
69	119	52	33	19	2655
70	95	21	40	19	2462
71	101	12	30	18	1895
72	91	30	3	27	3222
73	117	47	51	4	5581
74	93	25	30	5	4118
75	87	39	24	15	2533
76	115	43	36	7	2725
77	89	34	40	6	2975
78	109	30	40	10	2285
79	81	52	18	34	3300
80	105	21	36	15	4800
81	107	25	30	5	1629
82	97	17	30	13	1438
83	91	30	20	10	1477
84	117	47	40	7	1683
85	101	12	30	18	1639
86	85	43	20	23	1334
87	119	52	40	12	2630
88	105	21	30	9	3271
89	99	12	30	18	1525
90	93	25	40	15	1287
91	103	17	30	13	1712
92	111	34	30	4	1189
93	113	39	40	1	1335
94	89	34	20	14	1143
95	87	39	33	6	3045
96	83	47	22	25	3270
97	109	30	30	0	998
98	115	43	60	17	11070
99	95	21	50	29	8535
100	81	52	22	30	4570
101	93	25	30	5	1515
102	109	30	40	10	1591
103	119	52	52	0	5733
104	105	21	30	9	2511
105	87	39	31	8	2805
106	97	17	30	13	3806
107	83	47	30	17	3766
108	107	25	30	5	1382
109	113	39	37	2	2351
110	117	47	51	4	2989
111	103	17	32	15	1790
112	115	43	19	24	2694
113	95	21	50	29	1825
114	91	30	27	3	2038
115	111	34	44	10	2679
116	81	52	41	11	2805
117	101	12	31	19	2102
118	85	43	51	8	2026
119	99	12	28	16	2277
120	89	34	21	13	2128
121	111	34	50	16	2763
122	119	52	50	2	1584
123	85	43	40	3	1933
124	81	52	30	22	1423
125	95	21	42	21	3671
126	107	25	39	14	4589
127	117	47	40	7	1326
128	101	12	36	24	1797
129	115	43	61	18	1365
130	89	34	29	5	2302
131	93	25	28	3	2174
132	83	47	32	15	2446
133	113	39	30	9	1958
134	105	21	30	9	2901
135	109	30	31	1	2725
136	97	17	24	7	3598
137	91	30	13	17	9030
138	103	17	27	10	2454
139	87	39	8	31	1085
140	99	12	18	6	1447
141	103	17	13	4	1468
142	91	30	14	16	1333
143	107	25	28	3	2054
144	87	39	21	18	1670
145	89	34	26	8	1917
146	113	39	37	2	2529
147	119	52	39	13	4077
148	105	21	38	17	2589
149	83	47	41	6	2702
150	111	34	22	12	2037
151	109	30	22	8	3051
152	95	21	31	10	2261
153	117	47	30	17	3205
154	85	43	37	6	2270
155	101	12	25	13	4477
156	93	25	30	5	1966
157	115	43	30	13	2166
158	99	12	31	19	2460
159	81	52	30	22	1287
160	97	17	37	20	2934
161	91	30	40	10	1459
162	93	25	40	15	1286
163	107	25	23	2	1708
164	99	12	31	19	2173
165	89	34	19	15	9028
166	113	39	15	24	3398
167	85	43	37	6	5692
168	83	47	20	27	1590
169	97	17	29	12	2397
170	105	21	37	16	2403
171	103	17	32	15	2248
172	109	30	41	11	1293
173	87	39	31	8	2773
174	95	21	24	3	2143
175	119	52	30	22	2661
176	81	52	19	33	4341
177	101	12	31	19	2142
178	115	43	50	7	3389
179	111	34	30	4	2751
180	117	47	50	3	2094
181	107	25	40	15	2860
182	109	30	50	20	2320
183	95	21	50	29	1941
184	91	30	30	0	2205
185	81	52	17	35	3718
186	113	39	29	10	7038
187	99	12	36	24	3038
188	85	43	28	15	3420
189	115	43	34	9	1853
190	119	52	40	12	1693
191	87	39	42	3	3174
192	117	47	33	14	2302
193	103	17	39	22	1852
194	93	25	40	15	1557
195	83	47	50	3	2334
196	97	17	20	3	3861
197	89	34	30	4	1822
198	105	21	40	19	1966
199	101	12	30	18	1909
200	111	34	15	19	4662
1	53	113	30	83	4103
2	79	56	39	17	3792
3	137	91	47	44	4322
4	133	83	59	24	4785
5	141	100	70	30	2226
6	114	41	41	0	5672
7	73	69	39	30	4290
8	51	118	32	86	3985
9	125	65	34	31	5737
10	100	10	13	3	3209
11	143	105	49	56	4401
12	75	65	42	23	3001
13	84	45	34	11	2576
14	61	96	31	65	2441
15	127	69	51	18	3289
16	65	87	30	57	2298
17	57	105	27	78	2169
18	71	74	28	46	2073
19	135	87	42	45	2729
20	67	83	36	47	5081
21	108	28	23	5	3241
22	145	109	41	68	2430
23	59	100	30	70	1833
24	69	78	30	48	1522
25	120	54	38	16	5577
26	77	61	31	30	3569
27	149	118	64	54	4442
28	55	109	34	75	4992
29	139	96	30	66	929
30	129	74	33	41	3081
31	123	61	42	19	3074
32	131	78	47	31	3097
33	63	91	25	66	3360
34	147	113	75	38	2170
35	121	56	47	9	4647
36	92	28	35	7	2840
