Participant 217_training	; Experiment run on 2017-09-14T14:10:30.896812
Trial	Input	Output	Predict	Error	RT
1	107	25	107	82	11844
2	91	30	40	10	19105
3	83	47	23	24	24373
4	111	34	82	48	11640
5	93	25	13	12	26397
6	117	47	40	7	22539
7	87	39	33	6	11443
8	105	21	40	19	10685
9	95	21	20	1	9093
10	109	30	22	8	6475
11	85	43	20	23	5662
12	101	12	34	22	4944
13	97	17	28	11	16423
14	115	43	30	13	4058
15	81	52	22	30	10314
16	119	52	11	41	14068
17	89	34	42	8	12605
18	103	17	51	34	8601
19	99	12	12	0	6431
20	113	39	13	26	3036
21	81	52	17	35	19307
22	99	12	60	48	19191
23	83	47	50	3	13809
24	93	25	40	15	8121
25	101	12	20	8	5155
26	105	21	13	8	2836
27	85	43	50	7	6440
28	119	52	44	8	4018
29	117	47	30	17	7516
30	115	43	46	3	6745
31	111	34	30	4	5447
32	103	17	22	5	3566
33	91	30	22	8	6406
34	97	17	34	17	5805
35	113	39	31	8	14527
36	87	39	50	11	14339
37	95	21	25	4	14118
38	107	25	31	6	6657
39	109	30	30	0	4233
40	89	34	22	12	6873
41	101	12	25	13	7251
42	93	25	50	25	20116
43	91	30	24	6	5950
44	99	12	32	20	7334
45	103	17	21	4	9084
46	115	43	19	24	30663
47	81	52	50	2	8487
48	119	52	40	12	3724
49	97	17	20	3	9237
50	107	25	17	8	6211
51	85	43	51	8	4454
52	105	21	31	10	12101
53	111	34	40	6	7956
54	109	30	40	10	3413
55	89	34	20	14	5346
56	113	39	30	9	4785
57	117	47	30	17	9007
58	95	21	50	29	5247
59	83	47	50	3	2808
60	87	39	30	9	3266
61	83	47	50	3	4125
62	99	12	20	8	3030
63	107	25	20	5	27683
64	85	43	50	7	17219
65	103	17	20	3	6075
66	113	39	30	9	4089
67	97	17	23	6	9811
68	111	34	20	14	4213
69	119	52	30	22	2855
70	95	21	31	10	3168
71	101	12	22	10	3581
72	91	30	31	1	17106
73	117	47	40	7	7245
74	93	25	30	5	3923
75	87	39	40	1	4150
76	115	43	40	3	4355
77	89	34	32	2	4872
78	109	30	41	11	3420
79	81	52	50	2	3425
80	105	21	23	2	7667
81	107	25	29	4	7637
82	97	17	20	3	3310
83	91	30	30	0	3389
84	117	47	33	14	3676
85	101	12	20	8	3046
86	85	43	40	3	2735
87	119	52	30	22	3344
88	105	21	30	9	22405
89	99	12	12	0	3596
90	93	25	20	5	4227
91	103	17	13	4	5486
92	111	34	20	14	4474
93	113	39	37	2	7315
94	89	34	40	6	11859
95	87	39	40	1	4900
96	83	47	47	0	4099
97	109	30	27	3	10698
98	115	43	42	1	8690
99	95	21	20	1	9484
100	81	52	50	2	6167
101	93	25	28	3	19068
102	109	30	30	0	10240
103	119	52	51	1	9194
104	105	21	21	0	8423
105	87	39	35	4	15246
106	97	17	20	3	11641
107	83	47	45	2	18147
108	107	25	24	1	9934
109	113	39	35	4	10912
110	117	47	47	0	13931
111	103	17	15	2	6933
112	115	43	42	1	6220
113	95	21	23	2	8201
114	91	30	30	0	9517
115	111	34	34	0	8940
116	81	52	51	1	17287
117	101	12	13	1	9031
118	85	43	42	1	10345
119	99	12	12	0	4283
120	89	34	32	2	8095
121	111	34	34	0	13803
122	119	52	51	1	28176
123	85	43	42	1	7069
124	81	52	50	2	18851
125	95	21	22	1	5908
126	107	25	24	1	7834
127	117	47	44	3	13014
128	101	12	15	3	5737
129	115	43	17	26	7505
130	89	34	32	2	9271
131	93	25	25	0	12143
132	83	47	27	20	8817
133	113	39	40	1	22863
134	105	21	23	2	5230
135	109	30	29	1	5994
136	97	17	20	3	6612
137	91	30	32	2	4974
138	103	17	14	3	7735
139	87	39	41	2	15375
140	99	12	13	1	3858
141	103	17	16	1	9212
142	91	30	31	1	17053
143	107	25	25	0	8030
144	87	39	41	2	30763
145	89	34	35	1	9751
146	113	39	39	0	11110
147	119	52	51	1	38777
148	105	21	23	2	4413
149	83	47	44	3	28684
150	111	34	34	0	9832
151	109	30	31	1	11581
152	95	21	22	1	4437
153	117	47	45	2	13482
154	85	43	43	0	7338
155	101	12	15	3	10330
156	93	25	25	0	6228
157	115	43	43	0	5271
158	99	12	13	1	3093
159	81	52	51	1	16829
160	97	17	17	0	4790
161	91	30	31	1	16188
162	93	25	27	2	7939
163	107	25	25	0	6197
164	99	12	12	0	4090
165	89	34	33	1	5707
166	113	39	41	2	10433
167	85	43	43	0	10028
168	83	47	44	3	9193
169	97	17	15	2	6053
170	105	21	23	2	3069
171	103	17	14	3	4186
172	109	30	28	2	10730
173	87	39	41	2	15657
174	95	21	23	2	7650
175	119	52	51	1	13040
176	81	52	51	1	9917
177	101	12	13	1	3956
178	115	43	43	0	6911
179	111	34	34	0	5214
180	117	47	45	2	8566
181	107	25	25	0	10324
182	109	30	30	0	11491
183	95	21	23	2	4742
184	91	30	33	3	4152
185	81	52	51	1	8680
186	113	39	40	1	18509
187	99	12	12	0	6368
188	85	43	43	0	6277
189	115	43	43	0	4527
190	119	52	51	1	13094
191	87	39	39	0	16384
192	117	47	46	1	12119
193	103	17	16	1	5689
194	93	25	25	0	6685
195	83	47	45	2	12679
196	97	17	18	1	9913
197	89	34	34	0	5999
198	105	21	23	2	3407
199	101	12	13	1	3372
200	111	34	34	0	7445
1	53	113	107	6	55270
2	79	56	54	2	17961
3	137	91	87	4	30189
4	133	83	79	4	39829
5	141	100	95	5	13009
6	114	41	41	0	11691
7	73	69	65	4	21676
8	51	118	111	7	25647
9	125	65	63	2	8002
10	100	10	12	2	4848
11	143	105	100	5	35995
12	75	65	63	2	20551
13	84	45	44	1	8469
14	61	96	91	5	17182
15	127	69	67	2	20652
16	65	87	83	4	14447
17	57	105	101	4	21378
18	71	74	71	3	19600
19	135	87	83	4	10954
20	67	83	80	3	18930
21	108	28	26	2	7191
22	145	109	103	6	15481
23	59	100	95	5	14509
24	69	78	74	4	11949
25	120	54	53	1	6994
26	77	61	60	1	43658
27	149	118	112	6	20368
28	55	109	103	6	9838
29	139	96	92	4	26804
30	129	74	72	2	19793
31	123	61	60	1	12510
32	131	78	74	4	11156
33	63	91	85	6	19802
34	147	113	107	6	42631
35	121	56	55	1	11573
36	92	28	28	0	14283
