Participant 225_training	; Experiment run on 2017-09-21T13:47:36.025630
Trial	Input	Output	Predict	Error	RT
1	107	25	79	54	11430
2	91	30	50	20	8065
3	83	47	20	27	5092
4	111	34	70	36	3921
5	93	25	120	95	5925
6	117	47	90	43	6074
7	87	39	60	21	2293
8	105	21	49	28	8022
9	95	21	30	9	2816
10	109	30	10	20	1824
11	85	43	30	13	1865
12	101	12	35	23	6680
13	97	17	40	23	2047
14	115	43	20	23	1234
15	81	52	30	22	2042
16	119	52	50	2	4332
17	89	34	20	14	2607
18	103	17	40	23	2905
19	99	12	20	8	1929
20	113	39	40	1	3407
21	81	52	10	42	4073
22	99	12	20	8	2861
23	83	47	20	27	1989
24	93	25	40	15	3143
25	101	12	50	38	5301
26	105	21	20	1	2452
27	85	43	30	13	4255
28	119	52	50	2	2439
29	117	47	62	15	6382
30	115	43	60	17	5775
31	111	34	60	26	7946
32	103	17	50	33	4591
33	91	30	45	15	5647
34	97	17	44	27	4081
35	113	39	30	9	2241
36	87	39	46	7	4727
37	95	21	54	33	7603
38	107	25	30	5	2966
39	109	30	20	10	7583
40	89	34	30	4	3808
41	101	12	10	2	4471
42	93	25	20	5	3646
43	91	30	20	10	6408
44	99	12	30	18	3572
45	103	17	20	3	4612
46	115	43	30	13	2968
47	81	52	42	10	5299
48	119	52	40	12	5293
49	97	17	10	7	17109
50	107	25	20	5	1972
51	85	43	35	8	6492
52	105	21	19	2	4146
53	111	34	20	14	3166
54	109	30	38	8	3829
55	89	34	40	6	5236
56	113	39	30	9	3025
57	117	47	50	3	2838
58	95	21	10	11	6124
59	83	47	46	1	7695
60	87	39	39	0	5839
61	83	47	46	1	9247
62	99	12	3	9	6991
63	107	25	29	4	4446
64	85	43	42	1	4541
65	103	17	9	8	3394
66	113	39	29	10	4348
67	97	17	10	7	4180
68	111	34	30	4	4575
69	119	52	40	12	3062
70	95	21	18	3	5922
71	101	12	3	9	18953
72	91	30	20	10	7566
73	117	47	40	7	12625
74	93	25	27	2	14554
75	87	39	27	12	7583
76	115	43	50	7	7280
77	89	34	30	4	4808
78	109	30	30	0	5154
79	81	52	40	12	4755
80	105	21	16	5	8536
81	107	25	17	8	7175
82	97	17	8	9	6019
83	91	30	30	0	5410
84	117	47	38	9	20427
85	101	12	10	2	4860
86	85	43	47	4	7510
87	119	52	50	2	13151
88	105	21	23	2	6332
89	99	12	10	2	2833
90	93	25	28	3	7825
91	103	17	17	0	7486
92	111	34	23	11	5729
93	113	39	38	1	5868
94	89	34	30	4	4019
95	87	39	34	5	7459
96	83	47	38	9	8149
97	109	30	30	0	8987
98	115	43	38	5	9378
99	95	21	7	14	10017
100	81	52	40	12	5224
101	93	25	26	1	7359
102	109	30	30	0	5499
103	119	52	50	2	5228
104	105	21	20	1	6343
105	87	39	22	17	10079
106	97	17	8	9	6099
107	83	47	46	1	6861
108	107	25	20	5	7569
109	113	39	43	4	7723
110	117	47	27	20	7954
111	103	17	16	1	5934
112	115	43	18	25	19113
113	95	21	34	13	11376
114	91	30	30	0	4923
115	111	34	49	15	11987
116	81	52	50	2	5732
117	101	12	11	1	4101
118	85	43	47	4	8096
119	99	12	10	2	7161
120	89	34	30	4	3127
121	111	34	30	4	6535
122	119	52	50	2	8882
123	85	43	43	0	10973
124	81	52	50	2	4376
125	95	21	20	1	9923
126	107	25	23	2	8751
127	117	47	43	4	13438
128	101	12	10	2	0
129	115	43	10	33	1567
130	89	34	30	4	3101
131	93	25	24	1	6967
132	83	47	47	0	9689
133	113	39	39	0	11157
134	105	21	21	0	5329
135	109	30	26	4	17191
136	97	17	7	10	23541
137	91	30	30	0	4976
138	103	17	17	0	10177
139	87	39	35	4	7393
140	99	12	10	2	7309
141	103	17	16	1	8709
142	91	30	30	0	4620
143	107	25	21	4	9890
144	87	39	36	3	14551
145	89	34	30	4	3109
146	113	39	40	1	8854
147	119	52	50	2	11367
148	105	21	21	0	12620
149	83	47	56	9	7885
150	111	34	32	2	10217
151	109	30	29	1	10868
152	95	21	4	17	13944
153	117	47	28	19	8353
154	85	43	53	10	6784
155	101	12	10	2	4056
156	93	25	28	3	5922
157	115	43	40	3	11079
158	99	12	10	2	3005
159	81	52	50	2	3235
160	97	17	21	4	9867
161	91	30	30	0	3104
162	93	25	20	5	20122
163	107	25	20	5	5706
164	99	12	10	2	2593
165	89	34	30	4	3139
166	113	39	39	0	9583
167	85	43	40	3	9730
168	83	47	54	7	15633
169	97	17	13	4	12193
170	105	21	20	1	7905
171	103	17	10	7	4192
172	109	30	30	0	5373
173	87	39	23	16	12766
174	95	21	9	12	13842
175	119	52	50	2	6555
176	81	52	50	2	3990
177	101	12	12	0	4932
178	115	43	40	3	9713
179	111	34	30	4	6812
180	117	47	40	7	17062
181	107	25	23	2	5759
182	109	30	30	0	6311
183	95	21	10	11	7988
184	91	30	32	2	6630
185	81	52	50	2	3255
186	113	39	47	8	9515
187	99	12	10	2	3183
188	85	43	40	3	16450
189	115	43	40	3	8985
190	119	52	50	2	5619
191	87	39	40	1	7818
192	117	47	40	7	7172
193	103	17	19	2	10061
194	93	25	38	13	6688
195	83	47	50	3	3817
196	97	17	20	3	14443
197	89	34	30	4	2225
198	105	21	17	4	9205
199	101	12	10	2	2085
200	111	34	32	2	7953
1	53	113	110	3	35210
2	79	56	50	6	4881
3	137	91	80	11	12217
4	133	83	70	13	7901
5	141	100	90	10	7610
6	114	41	40	1	7047
7	73	69	60	9	6928
8	51	118	110	8	12957
9	125	65	60	5	5532
10	100	10	10	0	4486
11	143	105	98	7	9757
12	75	65	60	5	8399
13	84	45	40	5	5958
14	61	96	90	6	9741
15	127	69	63	6	7163
16	65	87	80	7	11983
17	57	105	90	15	7170
18	71	74	70	4	5884
19	135	87	80	7	8195
20	67	83	80	3	8378
21	108	28	30	2	3834
22	145	109	100	9	17686
23	59	100	90	10	5969
24	69	78	70	8	5864
25	120	54	50	4	4467
26	77	61	60	1	8605
27	149	118	110	8	7993
28	55	109	110	1	9569
29	139	96	88	8	8038
30	129	74	70	4	11579
31	123	61	59	2	8606
32	131	78	70	8	3620
33	63	91	90	1	6424
34	147	113	100	13	27799
35	121	56	50	6	6537
36	92	28	30	2	7054
