Participant 234_training	; Experiment run on 2017-09-28T15:53:33.012183
Trial	Input	Output	Predict	Error	RT
1	107	25	140	115	25283
2	91	30	20	10	10646
3	83	47	28	19	91377
4	111	34	30	4	13630
5	93	25	33	8	28861
6	117	47	40	7	18859
7	87	39	25	14	28194
8	105	21	30	9	11085
9	95	21	10	11	16775
10	109	30	34	4	11628
11	85	43	34	9	12194
12	101	12	33	21	11879
13	97	17	7	10	12228
14	115	43	20	23	16415
15	81	52	20	32	9247
16	119	52	40	12	14336
17	89	34	50	16	9045
18	103	17	33	16	13188
19	99	12	20	8	10342
20	113	39	10	29	12755
21	81	52	30	22	9332
22	99	12	20	8	5295
23	83	47	30	17	9858
24	93	25	32	7	11723
25	101	12	12	0	9006
26	105	21	10	11	4456
27	85	43	42	1	8408
28	119	52	7	45	16831
29	117	47	42	5	11275
30	115	43	42	1	9567
31	111	34	40	6	7152
32	103	17	32	15	19831
33	91	30	40	10	9690
34	97	17	26	9	14317
35	113	39	17	22	18864
36	87	39	26	13	28037
37	95	21	40	19	14407
38	107	25	38	13	10822
39	109	30	40	10	8275
40	89	34	30	4	3940
41	101	12	40	28	5285
42	93	25	12	13	7072
43	91	30	30	0	5882
44	99	12	10	2	3744
45	103	17	24	7	7441
46	115	43	40	3	5550
47	81	52	50	2	9234
48	119	52	12	40	4609
49	97	17	25	8	17012
50	107	25	20	5	7564
51	85	43	35	8	14187
52	105	21	32	11	7777
53	111	34	30	4	3322
54	109	30	32	2	5173
55	89	34	30	4	3964
56	113	39	34	5	9285
57	117	47	24	23	14646
58	95	21	24	3	13848
59	83	47	45	2	10288
60	87	39	48	9	9833
61	83	47	39	8	14611
62	99	12	30	18	7976
63	107	25	22	3	12738
64	85	43	35	8	19842
65	103	17	12	5	7461
66	113	39	18	21	9101
67	97	17	20	3	5900
68	111	34	30	4	7178
69	119	52	32	20	8715
70	95	21	34	13	17103
71	101	12	10	2	4726
72	91	30	30	0	9749
73	117	47	46	1	12506
74	93	25	20	5	10006
75	87	39	34	5	11417
76	115	43	52	9	13668
77	89	34	34	0	7274
78	109	30	30	0	6045
79	81	52	40	12	7142
80	105	21	44	23	12971
81	107	25	17	8	10148
82	97	17	18	1	6966
83	91	30	34	4	7421
84	117	47	42	5	15693
85	101	12	12	0	5476
86	85	43	20	23	4887
87	119	52	20	32	14223
88	105	21	20	1	14579
89	99	12	10	2	4549
90	93	25	24	1	11350
91	103	17	34	17	10360
92	111	34	30	4	5990
93	113	39	40	1	3949
94	89	34	30	4	4812
95	87	39	28	11	6654
96	83	47	45	2	10566
97	109	30	34	4	8633
98	115	43	25	18	7944
99	95	21	42	21	15648
100	81	52	40	12	9274
101	93	25	52	27	15340
102	109	30	34	4	12979
103	119	52	40	12	6698
104	105	21	20	1	12267
105	87	39	36	3	14488
106	97	17	17	0	15998
107	83	47	44	3	17357
108	107	25	38	13	25854
109	113	39	34	5	11526
110	117	47	42	5	8483
111	103	17	16	1	13749
112	115	43	40	3	7763
113	95	21	22	1	15852
114	91	30	30	0	5653
115	111	34	34	0	7735
116	81	52	50	2	9079
117	101	12	12	0	4530
118	85	43	38	5	9013
119	99	12	12	0	3490
120	89	34	30	4	3484
121	111	34	30	4	9261
122	119	52	52	0	10542
123	85	43	40	3	5640
124	81	52	48	4	12220
125	95	21	20	1	13928
126	107	25	28	3	15032
127	117	47	42	5	14660
128	101	12	12	0	4016
129	115	43	40	3	8838
130	89	34	30	4	5013
131	93	25	27	2	11089
132	83	47	44	3	6659
133	113	39	36	3	15676
134	105	21	21	0	8781
135	109	30	34	4	5453
136	97	17	14	3	10341
137	91	30	34	4	10004
138	103	17	17	0	8689
139	87	39	42	3	9475
140	99	12	12	0	4561
141	103	17	17	0	11524
142	91	30	30	0	3468
143	107	25	21	4	10584
144	87	39	38	1	15750
145	89	34	31	3	19733
146	113	39	37	2	10978
147	119	52	52	0	7795
148	105	21	20	1	6804
149	83	47	47	0	14711
150	111	34	32	2	7548
151	109	30	30	0	7442
152	95	21	21	0	11380
153	117	47	37	10	9298
154	85	43	42	1	10448
155	101	12	12	0	9452
156	93	25	25	0	11797
157	115	43	45	2	12918
158	99	12	10	2	4839
159	81	52	52	0	5834
160	97	17	17	0	15703
161	91	30	30	0	6140
162	93	25	21	4	8832
163	107	25	27	2	14686
164	99	12	12	0	4720
165	89	34	30	4	3515
166	113	39	34	5	16832
167	85	43	40	3	11025
168	83	47	46	1	13249
169	97	17	17	0	11338
170	105	21	25	4	13195
171	103	17	22	5	11852
172	109	30	34	4	6821
173	87	39	37	2	34058
174	95	21	17	4	8153
175	119	52	52	0	6100
176	81	52	52	0	7805
177	101	12	12	0	9302
178	115	43	40	3	7450
179	111	34	32	2	8889
180	117	47	43	4	6953
181	107	25	37	12	17964
182	109	30	30	0	4623
183	95	21	20	1	5781
184	91	30	28	2	12731
185	81	52	52	0	5237
186	113	39	34	5	8646
187	99	12	12	0	5832
188	85	43	40	3	9701
189	115	43	43	0	10603
190	119	52	52	0	5147
191	87	39	34	5	11680
192	117	47	38	9	16237
193	103	17	22	5	11744
194	93	25	17	8	13860
195	83	47	40	7	18378
196	97	17	17	0	8286
197	89	34	30	4	3314
198	105	21	20	1	5075
199	101	12	12	0	4992
200	111	34	30	4	5792
1	53	113	100	13	15944
2	79	56	52	4	11368
3	137	91	90	1	16595
4	133	83	72	11	10577
5	141	100	90	10	10908
6	114	41	40	1	12330
7	73	69	60	9	7691
8	51	118	100	18	11431
9	125	65	60	5	5469
10	100	10	12	2	4770
11	143	105	97	8	11905
12	75	65	62	3	8419
13	84	45	40	5	8100
14	61	96	92	4	12283
15	127	69	48	21	8377
16	65	87	80	7	7801
17	57	105	98	7	11495
18	71	74	70	4	7307
19	135	87	60	27	9292
20	67	83	72	11	6014
21	108	28	30	2	4543
22	145	109	100	9	9792
23	59	100	90	10	5378
24	69	78	72	6	5228
25	120	54	52	2	8493
26	77	61	54	7	8711
27	149	118	100	18	10640
28	55	109	94	15	7947
29	139	96	90	6	7777
30	129	74	70	4	6674
31	123	61	63	2	3850
32	131	78	72	6	3364
33	63	91	78	13	5595
34	147	113	103	10	9083
35	121	56	70	14	4678
36	92	28	34	6	8219
