Participant 240_training	; Experiment run on 2017-10-05T13:33:10.936264
Trial	Input	Output	Predict	Error	RT
1	107	25	110	85	9959
2	91	30	10	20	4380
3	83	47	20	27	8433
4	111	34	20	14	7424
5	93	25	25	0	9085
6	117	47	50	3	5446
7	87	39	70	31	11409
8	105	21	20	1	7930
9	95	21	30	9	15324
10	109	30	20	10	7792
11	85	43	50	7	24416
12	101	12	40	28	9967
13	97	17	20	3	5050
14	115	43	30	13	5221
15	81	52	70	18	8514
16	119	52	14	38	8201
17	89	34	40	6	7200
18	103	17	30	13	13554
19	99	12	24	12	11031
20	113	39	50	11	3157
21	81	52	80	28	4967
22	99	12	70	58	4573
23	83	47	10	37	5400
24	93	25	53	28	5755
25	101	12	10	2	11655
26	105	21	10	11	5325
27	85	43	10	33	13351
28	119	52	50	2	8450
29	117	47	44	3	10063
30	115	43	30	13	6776
31	111	34	20	14	3177
32	103	17	12	5	4066
33	91	30	30	0	11058
34	97	17	27	10	16656
35	113	39	30	9	13258
36	87	39	37	2	7073
37	95	21	20	1	4357
38	107	25	18	7	8665
39	109	30	20	10	5769
40	89	34	25	9	5324
41	101	12	60	48	3991
42	93	25	30	5	9369
43	91	30	25	5	9234
44	99	12	13	1	5336
45	103	17	21	4	10530
46	115	43	41	2	9183
47	81	52	60	8	13320
48	119	52	40	12	11525
49	97	17	12	5	4543
50	107	25	30	5	8745
51	85	43	35	8	11899
52	105	21	30	9	4076
53	111	34	30	4	11415
54	109	30	32	2	6153
55	89	34	25	9	6263
56	113	39	40	1	7079
57	117	47	80	33	12620
58	95	21	20	1	3783
59	83	47	47	0	12612
60	87	39	32	7	9337
61	83	47	50	3	11480
62	99	12	10	2	6224
63	107	25	30	5	3768
64	85	43	30	13	7707
65	103	17	13	4	8887
66	113	39	20	19	28891
67	97	17	33	16	8151
68	111	34	25	9	5209
69	119	52	40	12	12691
70	95	21	20	1	7380
71	101	12	20	8	3208
72	91	30	30	0	6571
73	117	47	50	3	12839
74	93	25	30	5	3814
75	87	39	30	9	3544
76	115	43	30	13	10683
77	89	34	30	4	5396
78	109	30	40	10	4170
79	81	52	50	2	8375
80	105	21	23	2	7396
81	107	25	30	5	3528
82	97	17	12	5	3597
83	91	30	40	10	3397
84	117	47	27	20	10520
85	101	12	16	4	9893
86	85	43	50	7	5823
87	119	52	40	12	5670
88	105	21	40	19	13094
89	99	12	18	6	5802
90	93	25	30	5	2773
91	103	17	70	53	8687
92	111	34	12	22	18975
93	113	39	30	9	3631
94	89	34	20	14	6332
95	87	39	40	1	2806
96	83	47	52	5	6451
97	109	30	21	9	4285
98	115	43	40	3	9915
99	95	21	20	1	3088
100	81	52	40	12	6307
101	93	25	20	5	6768
102	109	30	20	10	5525
103	119	52	40	12	5671
104	105	21	30	9	6752
105	87	39	40	1	4026
106	97	17	12	5	3282
107	83	47	50	3	3529
108	107	25	50	25	6890
109	113	39	40	1	3238
110	117	47	24	23	8936
111	103	17	30	13	6450
112	115	43	30	13	3301
113	95	21	18	3	7959
114	91	30	27	3	4789
115	111	34	30	4	8143
116	81	52	50	2	2608
117	101	12	20	8	2447
118	85	43	30	13	7932
119	99	12	20	8	2750
120	89	34	20	14	2656
121	111	34	20	14	3224
122	119	52	60	8	4656
123	85	43	40	3	10625
124	81	52	48	4	3548
125	95	21	10	11	2996
126	107	25	21	4	11693
127	117	47	44	3	4889
128	101	12	15	3	12691
129	115	43	29	14	3982
130	89	34	30	4	2777
131	93	25	27	2	15921
132	83	47	32	15	4533
133	113	39	30	9	3049
134	105	21	24	3	28397
135	109	30	20	10	3072
136	97	17	20	3	5430
137	91	30	30	0	4170
138	103	17	20	3	8263
139	87	39	22	17	6346
140	99	12	15	3	11009
141	103	17	12	5	3687
142	91	30	30	0	4210
143	107	25	30	5	4673
144	87	39	30	9	17540
145	89	34	30	4	2820
146	113	39	50	11	3596
147	119	52	50	2	6378
148	105	21	23	2	32771
149	83	47	40	7	8293
150	111	34	29	5	4549
151	109	30	31	1	4199
152	95	21	25	4	12780
153	117	47	40	7	3919
154	85	43	30	13	6499
155	101	12	18	6	6797
156	93	25	30	5	9657
157	115	43	33	10	8912
158	99	12	18	6	3064
159	81	52	50	2	15801
160	97	17	20	3	3359
161	91	30	20	10	3112
162	93	25	20	5	6016
163	107	25	22	3	7038
164	99	12	12	0	5988
165	89	34	20	14	14729
166	113	39	30	9	5562
167	85	43	50	7	5887
168	83	47	33	14	13498
169	97	17	15	2	10485
170	105	21	20	1	3992
171	103	17	15	2	15158
172	109	30	25	5	6248
173	87	39	30	9	5349
174	95	21	20	1	20525
175	119	52	50	2	9039
176	81	52	50	2	3230
177	101	12	12	0	3155
178	115	43	30	13	5048
179	111	34	30	4	3167
180	117	47	28	19	19804
181	107	25	30	5	2943
182	109	30	38	8	5867
183	95	21	30	9	5386
184	91	30	40	10	3489
185	81	52	50	2	3377
186	113	39	60	21	10455
187	99	12	12	0	5545
188	85	43	40	3	4102
189	115	43	40	3	3974
190	119	52	50	2	4408
191	87	39	30	9	6474
192	117	47	50	3	2681
193	103	17	12	5	3956
194	93	25	24	1	5224
195	83	47	30	17	2999
196	97	17	10	7	5853
197	89	34	30	4	2618
198	105	21	27	6	6125
199	101	12	14	2	7010
200	111	34	30	4	4616
1	53	113	70	43	6465
2	79	56	50	6	3392
3	137	91	80	11	10738
4	133	83	70	13	4310
5	141	100	80	20	32305
6	114	41	40	1	4388
7	73	69	60	9	9451
8	51	118	80	38	4527
9	125	65	50	15	12392
10	100	10	12	2	3371
11	143	105	90	15	10384
12	75	65	50	15	6588
13	84	45	46	1	11094
14	61	96	60	36	6775
15	127	69	50	19	13849
16	65	87	90	3	4403
17	57	105	80	25	8404
18	71	74	60	14	6087
19	135	87	60	27	6477
20	67	83	70	13	2994
21	108	28	30	2	10130
22	145	109	90	19	4176
23	59	100	110	10	2928
24	69	78	60	18	16916
25	120	54	40	14	24143
26	77	61	50	11	3190
27	149	118	110	8	2636
28	55	109	80	29	6696
29	139	96	70	26	8934
30	129	74	50	24	8283
31	123	61	50	11	3093
32	131	78	58	20	7779
33	63	91	70	21	10421
34	147	113	100	13	5471
35	121	56	40	16	20898
36	92	28	20	8	3606
