Participant 264_training	; Experiment run on 2018-01-11T15:40:01.764115
Trial	Input	Output	Predict	Error	RT
1	107	25	21	4	18548
2	91	30	42	12	12902
3	83	47	40	7	15616
4	111	34	21	13	5555
5	93	25	22	3	11194
6	117	47	11	36	22562
7	87	39	40	1	12179
8	105	21	20	1	14424
9	95	21	30	9	20113
10	109	30	20	10	16349
11	85	43	27	16	19941
12	101	12	20	8	10457
13	97	17	30	13	6601
14	115	43	20	23	10142
15	81	52	40	12	2897
16	119	52	20	32	2677
17	89	34	21	13	4304
18	103	17	20	3	4949
19	99	12	20	8	2541
20	113	39	10	29	1519
21	81	52	30	22	22575
22	99	12	20	8	7179
23	83	47	26	21	19228
24	93	25	30	5	18105
25	101	12	10	2	4164
26	105	21	20	1	4678
27	85	43	40	3	20372
28	119	52	20	32	10685
29	117	47	23	24	27264
30	115	43	30	13	15628
31	111	34	30	4	2410
32	103	17	30	13	2041
33	91	30	30	0	1731
34	97	17	36	19	8170
35	113	39	20	19	6154
36	87	39	20	19	18534
37	95	21	40	19	4228
38	107	25	20	5	1427
39	109	30	20	10	2124
40	89	34	20	14	1255
41	101	12	20	8	5118
42	93	25	30	5	24214
43	91	30	24	6	8396
44	99	12	40	28	2565
45	103	17	20	3	2216
46	115	43	20	23	1953
47	81	52	30	22	2123
48	119	52	30	22	1825
49	97	17	30	13	2122
50	107	25	20	5	1632
51	85	43	40	3	1957
52	105	21	20	1	1593
53	111	34	20	14	1587
54	109	30	30	0	1769
55	89	34	20	14	2645
56	113	39	20	19	1144
57	117	47	20	27	2606
58	95	21	50	29	2126
59	83	47	30	17	2130
60	87	39	50	11	2021
61	83	47	30	17	9246
62	99	12	40	28	1713
63	107	25	20	5	1417
64	85	43	30	13	1806
65	103	17	20	3	1605
66	113	39	10	29	1317
67	97	17	20	3	1136
68	111	34	20	14	2348
69	119	52	10	42	1259
70	95	21	30	9	1761
71	101	12	20	8	1220
72	91	30	20	10	1772
73	117	47	20	27	1558
74	93	25	20	5	1341
75	87	39	20	19	1399
76	115	43	30	13	1198
77	89	34	30	4	1537
78	109	30	30	0	1248
79	81	52	30	22	4645
80	105	21	30	9	2504
81	107	25	30	5	2719
82	97	17	20	3	812
83	91	30	20	10	1477
84	117	47	20	27	1075
85	101	12	20	8	1173
86	85	43	30	13	1431
87	119	52	20	32	1313
88	105	21	20	1	901
89	99	12	20	8	1015
90	93	25	20	5	885
91	103	17	20	3	859
92	111	34	20	14	993
93	113	39	10	29	2360
94	89	34	20	14	1063
95	87	39	20	19	966
96	83	47	30	17	1335
97	109	30	29	1	2372
98	115	43	20	23	1351
99	95	21	30	9	1259
100	81	52	30	22	1101
101	93	25	30	5	2095
102	109	30	30	0	1209
103	119	52	20	32	1129
104	105	21	20	1	2777
105	87	39	20	19	1290
106	97	17	30	13	1322
107	83	47	20	27	1171
108	107	25	30	5	818
109	113	39	20	19	1270
110	117	47	20	27	1001
111	103	17	30	13	860
112	115	43	30	13	1682
113	95	21	30	9	1500
114	91	30	20	10	1129
115	111	34	20	14	1064
116	81	52	30	22	1414
117	101	12	30	18	1670
118	85	43	20	23	1018
119	99	12	30	18	1017
120	89	34	20	14	1251
121	111	34	20	14	1167
122	119	52	20	32	964
123	85	43	30	13	1130
124	81	52	30	22	1049
125	95	21	50	29	1420
126	107	25	30	5	928
127	117	47	30	17	1175
128	101	12	30	18	2198
129	115	43	10	33	686
130	89	34	30	4	2414
131	93	25	30	5	1604
132	83	47	30	17	1108
133	113	39	30	9	1121
134	105	21	30	9	1226
135	109	30	30	0	1165
136	97	17	30	13	1538
137	91	30	20	10	1191
138	103	17	30	13	984
139	87	39	20	19	1047
140	99	12	30	18	1149
141	103	17	20	3	2863
142	91	30	20	10	774
143	107	25	30	5	941
144	87	39	30	9	1006
145	89	34	30	4	1039
146	113	39	30	9	1641
147	119	52	30	22	869
148	105	21	30	9	1213
149	83	47	30	17	890
150	111	34	30	4	1242
151	109	30	30	0	1430
152	95	21	40	19	898
153	117	47	40	7	1051
154	85	43	30	13	1841
155	101	12	30	18	2640
156	93	25	20	5	899
157	115	43	30	13	1025
158	99	12	30	18	1138
159	81	52	20	32	878
160	97	17	30	13	1296
161	91	30	30	0	1589
162	93	25	30	5	1227
163	107	25	30	5	1019
164	99	12	30	18	1033
165	89	34	20	14	704
166	113	39	30	9	805
167	85	43	30	13	1566
168	83	47	30	17	1925
169	97	17	40	23	677
170	105	21	30	9	870
171	103	17	40	23	668
172	109	30	20	10	559
173	87	39	20	19	1048
174	95	21	10	11	628
175	119	52	20	32	796
176	81	52	32	20	5187
177	101	12	20	8	1801
178	115	43	30	13	2626
179	111	34	40	6	2092
180	117	47	20	27	2275
181	107	25	30	5	1247
182	109	30	30	0	549
183	95	21	30	9	868
184	91	30	30	0	824
185	81	52	30	22	1036
186	113	39	30	9	527
187	99	12	30	18	807
188	85	43	20	23	1675
189	115	43	30	13	1258
190	119	52	30	22	1412
191	87	39	40	1	1346
192	117	47	30	17	1532
193	103	17	30	13	1367
194	93	25	30	5	982
195	83	47	30	17	990
196	97	17	20	3	1182
197	89	34	30	4	1200
198	105	21	30	9	890
199	101	12	50	38	632
200	111	34	20	14	5125
1	53	113	60	53	3036
2	79	56	50	6	3702
3	137	91	50	41	1799
4	133	83	40	43	2347
5	141	100	20	80	1049
6	114	41	20	21	1182
7	73	69	30	39	1627
8	51	118	40	78	1318
9	125	65	40	25	1213
10	100	10	30	20	1343
11	143	105	40	65	2110
12	75	65	40	25	1474
13	84	45	30	15	1562
14	61	96	40	56	2293
15	127	69	40	29	1803
16	65	87	60	27	1645
17	57	105	70	35	1793
18	71	74	40	34	1722
19	135	87	30	57	1014
20	67	83	50	33	1838
21	108	28	30	2	1562
22	145	109	30	79	1104
23	59	100	70	30	1906
24	69	78	50	28	1906
25	120	54	30	24	1121
26	77	61	30	31	1196
27	149	118	30	88	1159
28	55	109	60	49	4219
29	139	96	40	56	1915
30	129	74	30	44	1066
31	123	61	40	21	881
32	131	78	20	58	1139
33	63	91	70	21	1826
34	147	113	30	83	1274
35	121	56	40	16	1538
36	92	28	40	12	1304
