Participant 294_training	; Experiment run on 2018-02-23T14:51:28.949282
Trial	Input	Output	Predict	Error	RT
1	107	25	107	82	16047
2	91	30	33	3	10557
3	83	47	25	22	19208
4	111	34	50	16	10984
5	93	25	32	7	10780
6	117	47	30	17	6056
7	87	39	44	5	9801
8	105	21	44	23	8578
9	95	21	26	5	10713
10	109	30	46	16	6663
11	85	43	44	1	7124
12	101	12	30	18	7634
13	97	17	35	18	6026
14	115	43	30	13	4487
15	81	52	50	2	3710
16	119	52	20	32	4178
17	89	34	30	4	4750
18	103	17	20	3	3199
19	99	12	10	2	3321
20	113	39	20	19	4159
21	81	52	40	12	11494
22	99	12	10	2	3711
23	83	47	45	2	5444
24	93	25	30	5	3265
25	101	12	10	2	2982
26	105	21	18	3	7609
27	85	43	46	3	6283
28	119	52	12	40	6127
29	117	47	40	7	4945
30	115	43	43	0	4348
31	111	34	30	4	6297
32	103	17	12	5	4386
33	91	30	30	0	5670
34	97	17	34	17	8434
35	113	39	30	9	6401
36	87	39	44	5	7218
37	95	21	34	13	8431
38	107	25	20	5	4276
39	109	30	19	11	8009
40	89	34	30	4	3251
41	101	12	20	8	9237
42	93	25	30	5	5798
43	91	30	30	0	2453
44	99	12	10	2	5723
45	103	17	12	5	4294
46	115	43	25	18	5621
47	81	52	50	2	5328
48	119	52	50	2	5745
49	97	17	30	13	5854
50	107	25	20	5	3751
51	85	43	43	0	5737
52	105	21	15	6	5751
53	111	34	25	9	7553
54	109	30	23	7	9169
55	89	34	28	6	8408
56	113	39	40	1	5095
57	117	47	48	1	7421
58	95	21	20	1	6643
59	83	47	50	3	5499
60	87	39	37	2	7819
61	83	47	50	3	13972
62	99	12	11	1	4124
63	107	25	18	7	5458
64	85	43	46	3	6327
65	103	17	12	5	5905
66	113	39	25	14	7275
67	97	17	25	8	11268
68	111	34	24	10	7137
69	119	52	46	6	6258
70	95	21	24	3	6559
71	101	12	12	0	6250
72	91	30	32	2	3659
73	117	47	35	12	7818
74	93	25	35	10	5694
75	87	39	40	1	8161
76	115	43	30	13	15517
77	89	34	30	4	3877
78	109	30	30	0	16568
79	81	52	49	3	4744
80	105	21	25	4	5349
81	107	25	20	5	11670
82	97	17	25	8	4310
83	91	30	28	2	7824
84	117	47	44	3	6370
85	101	12	12	0	3146
86	85	43	46	3	6209
87	119	52	50	2	3769
88	105	21	20	1	5052
89	99	12	12	0	4059
90	93	25	32	7	11678
91	103	17	14	3	9121
92	111	34	20	14	4281
93	113	39	35	4	5489
94	89	34	30	4	3680
95	87	39	38	1	7070
96	83	47	45	2	7692
97	109	30	20	10	6880
98	115	43	23	20	16153
99	95	21	36	15	7748
100	81	52	42	10	5250
101	93	25	32	7	11638
102	109	30	24	6	7604
103	119	52	50	2	6382
104	105	21	20	1	4094
105	87	39	37	2	7746
106	97	17	20	3	6598
107	83	47	45	2	8848
108	107	25	20	5	5046
109	113	39	33	6	4318
110	117	47	46	1	7415
111	103	17	20	3	6059
112	115	43	46	3	6185
113	95	21	26	5	11000
114	91	30	31	1	4451
115	111	34	30	4	15024
116	81	52	50	2	3478
117	101	12	13	1	7221
118	85	43	47	4	5801
119	99	12	12	0	4402
120	89	34	30	4	2973
121	111	34	27	7	18821
122	119	52	52	0	8108
123	85	43	45	2	8357
124	81	52	52	0	4740
125	95	21	24	3	8582
126	107	25	17	8	7922
127	117	47	44	3	6729
128	101	12	12	0	14049
129	115	43	24	19	11881
130	89	34	30	4	3075
131	93	25	27	2	8699
132	83	47	48	1	7346
133	113	39	47	8	5956
134	105	21	43	22	5953
135	109	30	35	5	6694
136	97	17	26	9	5140
137	91	30	30	0	5053
138	103	17	12	5	12004
139	87	39	32	7	11622
140	99	12	12	0	5273
141	103	17	15	2	10108
142	91	30	29	1	4746
143	107	25	20	5	6235
144	87	39	34	5	5191
145	89	34	30	4	3584
146	113	39	31	8	8913
147	119	52	50	2	5790
148	105	21	20	1	4949
149	83	47	47	0	8955
150	111	34	30	4	5667
151	109	30	30	0	2921
152	95	21	20	1	7088
153	117	47	44	3	7752
154	85	43	47	4	9668
155	101	12	15	3	8329
156	93	25	16	9	6040
157	115	43	42	1	6836
158	99	12	12	0	3029
159	81	52	52	0	4918
160	97	17	19	2	8046
161	91	30	30	0	11534
162	93	25	33	8	6168
163	107	25	23	2	6831
164	99	12	12	0	6891
165	89	34	30	4	5104
166	113	39	23	16	10411
167	85	43	46	3	9097
168	83	47	47	0	6117
169	97	17	20	3	3958
170	105	21	20	1	3048
171	103	17	18	1	3981
172	109	30	30	0	11882
173	87	39	37	2	11118
174	95	21	18	3	4449
175	119	52	52	0	5676
176	81	52	52	0	4270
177	101	12	30	18	3161
178	115	43	44	1	9571
179	111	34	36	2	4860
180	117	47	45	2	6791
181	107	25	20	5	4765
182	109	30	30	0	4344
183	95	21	21	0	7056
184	91	30	30	0	3315
185	81	52	52	0	4412
186	113	39	40	1	7396
187	99	12	12	0	7022
188	85	43	45	2	7541
189	115	43	47	4	10811
190	119	52	52	0	3665
191	87	39	47	8	5375
192	117	47	47	0	5516
193	103	17	18	1	8647
194	93	25	27	2	7543
195	83	47	37	10	8576
196	97	17	16	1	6936
197	89	34	30	4	4358
198	105	21	20	1	3892
199	101	12	12	0	5752
200	111	34	30	4	4430
1	53	113	80	33	74938
2	79	56	52	4	7198
3	137	91	70	21	16922
4	133	83	66	17	12575
5	141	100	80	20	7354
6	114	41	45	4	14270
7	73	69	58	11	9174
8	51	118	80	38	6937
9	125	65	56	9	5592
10	100	10	12	2	3157
11	143	105	80	25	10079
12	75	65	60	5	6853
13	84	45	46	1	5907
14	61	96	75	21	9478
15	127	69	60	9	4867
16	65	87	63	24	12508
17	57	105	74	31	8401
18	71	74	61	13	6110
19	135	87	65	22	21526
20	67	83	67	16	24944
21	108	28	20	8	7902
22	145	109	80	29	5989
23	59	100	75	25	10147
24	69	78	70	8	4649
25	120	54	52	2	4625
26	77	61	57	4	8698
27	149	118	87	31	11616
28	55	109	77	32	21594
29	139	96	80	16	28339
30	129	74	74	0	7251
31	123	61	57	4	7335
32	131	78	60	18	4584
33	63	91	72	19	7608
34	147	113	87	26	6361
35	121	56	52	4	7076
36	92	28	28	0	5901
