Participant 295_training	; Experiment run on 2018-02-22T16:43:30.162000
Trial	Input	Output	Predict	Error	RT
1	107	25	107	82	22191
2	91	30	20	10	11303
3	83	47	24	23	15102
4	111	34	50	16	43717
5	93	25	63	38	19344
6	117	47	30	17	32293
7	87	39	57	18	26262
8	105	21	46	25	21276
9	95	21	25	4	56129
10	109	30	36	6	38513
11	85	43	23	20	15134
12	101	12	31	19	44004
13	97	17	32	15	16013
14	115	43	15	28	16583
15	81	52	42	10	26493
16	119	52	24	28	7476
17	89	34	31	3	30645
18	103	17	25	8	21468
19	99	12	17	5	8419
20	113	39	62	23	15283
21	81	52	22	30	24698
22	99	12	26	14	8133
23	83	47	42	5	17324
24	93	25	25	0	21332
25	101	12	27	15	5379
26	105	21	27	6	36041
27	85	43	37	6	10106
28	119	52	60	8	20928
29	117	47	52	5	8306
30	115	43	45	2	10073
31	111	34	35	1	6868
32	103	17	25	8	21186
33	91	30	26	4	7628
34	97	17	21	4	7576
35	113	39	46	7	10221
36	87	39	28	11	44549
37	95	21	25	4	18190
38	107	25	35	10	26352
39	109	30	35	5	17698
40	89	34	34	0	25407
41	101	12	26	14	8852
42	93	25	38	13	47106
43	91	30	26	4	10303
44	99	12	20	8	8075
45	103	17	27	10	42190
46	115	43	36	7	9506
47	81	52	47	5	22006
48	119	52	55	3	7179
49	97	17	18	1	6256
50	107	25	28	3	14680
51	85	43	30	13	12259
52	105	21	25	4	9215
53	111	34	33	1	49066
54	109	30	30	0	3518
55	89	34	30	4	8041
56	113	39	45	6	15252
57	117	47	42	5	46569
58	95	21	25	4	16176
59	83	47	45	2	50647
60	87	39	33	6	11191
61	83	47	45	2	19229
62	99	12	20	8	3494
63	107	25	20	5	6365
64	85	43	45	2	14511
65	103	17	15	2	18423
66	113	39	34	5	32704
67	97	17	19	2	10678
68	111	34	30	4	9423
69	119	52	57	5	10638
70	95	21	20	1	8888
71	101	12	18	6	8451
72	91	30	23	7	7233
73	117	47	40	7	16949
74	93	25	27	2	6825
75	87	39	37	2	17181
76	115	43	37	6	14132
77	89	34	32	2	10084
78	109	30	34	4	9909
79	81	52	50	2	8633
80	105	21	23	2	20531
81	107	25	26	1	12948
82	97	17	15	2	5855
83	91	30	28	2	5691
84	117	47	42	5	20306
85	101	12	17	5	21969
86	85	43	53	10	15979
87	119	52	45	7	9034
88	105	21	20	1	18143
89	99	12	13	1	6953
90	93	25	23	2	6542
91	103	17	25	8	10025
92	111	34	30	4	5068
93	113	39	40	1	10200
94	89	34	32	2	8350
95	87	39	38	1	5904
96	83	47	41	6	8365
97	109	30	29	1	19953
98	115	43	45	2	10277
99	95	21	23	2	8431
100	81	52	50	2	13757
101	93	25	28	3	25844
102	109	30	32	2	4632
103	119	52	48	4	9582
104	105	21	22	1	16597
105	87	39	36	3	14208
106	97	17	19	2	7200
107	83	47	38	9	15603
108	107	25	23	2	11377
109	113	39	37	2	10872
110	117	47	47	0	7132
111	103	17	21	4	4739
112	115	43	42	1	16162
113	95	21	21	0	6698
114	91	30	28	2	5516
115	111	34	30	4	6830
116	81	52	53	1	7580
117	101	12	13	1	5277
118	85	43	21	22	3792
119	99	12	12	0	9470
120	89	34	30	4	2957
121	111	34	30	4	23948
122	119	52	53	1	22086
123	85	43	48	5	10810
124	81	52	52	0	3579
125	95	21	21	0	5362
126	107	25	25	0	5506
127	117	47	47	0	7849
128	101	12	15	3	9649
129	115	43	42	1	9178
130	89	34	33	1	9445
131	93	25	27	2	7004
132	83	47	45	2	11982
133	113	39	46	7	8861
134	105	21	21	0	9612
135	109	30	30	0	17963
136	97	17	25	8	20566
137	91	30	30	0	5015
138	103	17	14	3	36359
139	87	39	39	0	40489
140	99	12	12	0	10737
141	103	17	21	4	19756
142	91	30	30	0	13239
143	107	25	21	4	16506
144	87	39	39	0	17256
145	89	34	30	4	4006
146	113	39	36	3	24159
147	119	52	56	4	19729
148	105	21	21	0	6435
149	83	47	48	1	20422
150	111	34	33	1	21374
151	109	30	30	0	9748
152	95	21	21	0	4084
153	117	47	48	1	24972
154	85	43	45	2	13283
155	101	12	13	1	8938
156	93	25	15	10	7132
157	115	43	48	5	17506
158	99	12	12	0	3762
159	81	52	52	0	7562
160	97	17	21	4	2932
161	91	30	30	0	5468
162	93	25	25	0	6601
163	107	25	25	0	8045
164	99	12	12	0	3251
165	89	34	30	4	2483
166	113	39	36	3	12660
167	85	43	45	2	13708
168	83	47	47	0	6814
169	97	17	17	0	6493
170	105	21	21	0	6024
171	103	17	18	1	6671
172	109	30	12	18	3163
173	87	39	39	0	22007
174	95	21	21	0	3287
175	119	52	56	4	7994
176	81	52	48	4	9519
177	101	12	17	5	11114
178	115	43	47	4	17557
179	111	34	30	4	3567
180	117	47	48	1	6088
181	107	25	25	0	29068
182	109	30	30	0	22189
183	95	21	21	0	4814
184	91	30	30	0	2849
185	81	52	47	5	7562
186	113	39	45	6	7499
187	99	12	12	0	3951
188	85	43	37	6	20221
189	115	43	42	1	21461
190	119	52	48	4	3552
191	87	39	42	3	9331
192	117	47	52	5	4262
193	103	17	17	0	10849
194	93	25	25	0	6665
195	83	47	52	5	6872
196	97	17	17	0	7355
197	89	34	30	4	2490
198	105	21	21	0	4426
199	101	12	15	3	7054
200	111	34	32	2	3862
1	53	113	70	43	19552
2	79	56	51	5	13476
3	137	91	66	25	16273
4	133	83	60	23	5971
5	141	100	73	27	5452
6	114	41	42	1	8695
7	73	69	62	7	10674
8	51	118	51	67	18583
9	125	65	65	0	20561
10	100	10	12	2	8193
11	143	105	87	18	5697
12	75	65	58	7	8844
13	84	45	45	0	8130
14	61	96	57	39	10973
15	127	69	61	8	11465
16	65	87	63	24	11657
17	57	105	55	50	14069
18	71	74	60	14	10899
19	135	87	74	13	7371
20	67	83	62	21	7048
21	108	28	34	6	7468
22	145	109	86	23	5001
23	59	100	56	44	4081
24	69	78	48	30	5933
25	120	54	57	3	8384
26	77	61	60	1	4938
27	149	118	90	28	8008
28	55	109	50	59	2507
29	139	96	67	29	6634
30	129	74	60	14	4648
31	123	61	63	2	5084
32	131	78	60	18	4684
33	63	91	61	30	12060
34	147	113	86	27	4934
35	121	56	56	0	5579
36	92	28	37	9	7681
