Participant 305_training	; Experiment run on 2018-04-05T14:48:50.466000
Trial	Input	Output	Predict	Error	RT
1	107	25	107	82	38997
2	91	30	21	9	42066
3	83	47	26	21	21095
4	111	34	25	9	29057
5	93	25	30	5	32273
6	117	47	36	11	42462
7	87	39	50	11	4003
8	105	21	50	29	1934
9	95	21	31	10	13678
10	109	30	35	5	43159
11	85	43	30	13	6164
12	101	12	30	18	2270
13	97	17	50	33	2947
14	115	43	90	47	17257
15	81	52	20	32	47720
16	119	52	91	39	28631
17	89	34	50	16	11421
18	103	17	44	27	24092
19	99	12	200	188	10382
20	113	39	20	19	11267
21	81	52	10	42	7764
22	99	12	65	53	72171
23	83	47	10	37	10022
24	93	25	80	55	3210
25	101	12	60	48	5313
26	105	21	27	6	36589
27	85	43	47	4	29824
28	119	52	10	42	11628
29	117	47	15	32	31328
30	115	43	40	3	7368
31	111	34	44	10	14586
32	103	17	44	27	10931
33	91	30	10	20	7458
34	97	17	30	13	7037
35	113	39	50	11	3850
36	87	39	40	1	1858
37	95	21	50	29	14730
38	107	25	50	25	3328
39	109	30	40	10	4006
40	89	34	40	6	2266
41	101	12	40	28	2005
42	93	25	40	15	1952
43	91	30	40	10	1917
44	99	12	30	18	2935
45	103	17	30	13	2512
46	115	43	30	13	6915
47	81	52	40	12	1999
48	119	52	60	8	2730
49	97	17	50	33	1859
50	107	25	30	5	1795
51	85	43	30	13	14330
52	105	21	30	9	5751
53	111	34	20	14	3849
54	109	30	30	0	3077
55	89	34	30	4	3518
56	113	39	30	9	6267
57	117	47	40	7	3325
58	95	21	30	9	1800
59	83	47	40	7	1871
60	87	39	40	1	2962
61	83	47	30	17	5356
62	99	12	40	28	1892
63	107	25	20	5	1776
64	85	43	20	23	1288
65	103	17	30	13	1438
66	113	39	30	9	1392
67	97	17	20	3	2176
68	111	34	30	4	14695
69	119	52	40	12	3767
70	95	21	20	1	13867
71	101	12	25	13	25584
72	91	30	30	0	6893
73	117	47	10	37	14301
74	93	25	30	5	16534
75	87	39	30	9	1496
76	115	43	30	13	1415
77	89	34	30	4	1240
78	109	30	30	0	1458
79	81	52	30	22	13983
80	105	21	30	9	4886
81	107	25	30	5	2140
82	97	17	30	13	1845
83	91	30	30	0	1798
84	117	47	30	17	1986
85	101	12	30	18	2108
86	85	43	30	13	1895
87	119	52	30	22	1512
88	105	21	30	9	1226
89	99	12	30	18	1433
90	93	25	30	5	2934
91	103	17	30	13	2200
92	111	34	30	4	1414
93	113	39	30	9	1900
94	89	34	30	4	1215
95	87	39	30	9	1287
96	83	47	30	17	1741
97	109	30	30	0	2901
98	115	43	30	13	16750
99	95	21	30	9	1507
100	81	52	30	22	1284
101	93	25	30	5	1788
102	109	30	30	0	1297
103	119	52	30	22	1306
104	105	21	30	9	1304
105	87	39	30	9	1213
106	97	17	30	13	1286
107	83	47	30	17	1734
108	107	25	30	5	2902
109	113	39	30	9	3201
110	117	47	30	17	6860
111	103	17	30	13	4805
112	115	43	30	13	4736
113	95	21	30	9	10926
114	91	30	30	0	4962
115	111	34	30	4	7547
116	81	52	30	22	2135
117	101	12	30	18	1816
118	85	43	30	13	1918
119	99	12	30	18	1434
120	89	34	30	4	2659
121	111	34	30	4	2142
122	119	52	30	22	1806
123	85	43	30	13	1666
124	81	52	30	22	1910
125	95	21	30	9	2318
126	107	25	30	5	2466
127	117	47	30	17	3269
128	101	12	10	2	1052
129	115	43	10	33	883
130	89	34	10	24	1216
131	93	25	30	5	2696
132	83	47	30	17	5244
133	113	39	30	9	2430
134	105	21	30	9	4085
135	109	30	30	0	2660
136	97	17	30	13	2178
137	91	30	30	0	3281
138	103	17	30	13	8013
139	87	39	30	9	1920
140	99	12	30	18	2303
141	103	17	30	13	2437
142	91	30	30	0	3835
143	107	25	30	5	3422
144	87	39	30	9	4059
145	89	34	10	24	1087
146	113	39	30	9	3407
147	119	52	10	42	874
148	105	21	10	11	848
149	83	47	10	37	1032
150	111	34	10	24	1171
151	109	30	10	20	1059
152	95	21	10	11	1157
153	117	47	10	37	1168
154	85	43	10	33	1665
155	101	12	10	2	2930
156	93	25	10	15	1050
157	115	43	20	23	1960
158	99	12	10	2	808
159	81	52	10	42	4143
160	97	17	10	7	6918
161	91	30	30	0	4220
162	93	25	32	7	16299
163	107	25	10	15	2616
164	99	12	10	2	963
165	89	34	10	24	882
166	113	39	10	29	893
167	85	43	10	33	981
168	83	47	10	37	1164
169	97	17	10	7	1384
170	105	21	10	11	1392
171	103	17	10	7	1242
172	109	30	10	20	973
173	87	39	20	19	2181
174	95	21	30	9	1683
175	119	52	10	42	1323
176	81	52	10	42	3088
177	101	12	10	2	762
178	115	43	10	33	928
179	111	34	10	24	857
180	117	47	10	37	835
181	107	25	10	15	2820
182	109	30	10	20	1048
183	95	21	10	11	1122
184	91	30	10	20	1230
185	81	52	10	42	1239
186	113	39	10	29	1230
187	99	12	20	8	1711
188	85	43	10	33	1368
189	115	43	20	23	1799
190	119	52	10	42	2488
191	87	39	20	19	1750
192	117	47	30	17	1768
193	103	17	10	7	1015
194	93	25	10	15	1098
195	83	47	20	27	1483
196	97	17	10	7	1054
197	89	34	10	24	960
198	105	21	20	1	1722
199	101	12	20	8	2604
200	111	34	10	24	1215
1	53	113	10	103	2151
2	79	56	10	46	972
3	137	91	10	81	778
4	133	83	10	73	1060
5	141	100	10	90	858
6	114	41	10	31	823
7	73	69	10	59	788
8	51	118	20	98	1366
9	125	65	30	35	1872
10	100	10	10	0	983
11	143	105	20	85	1143
12	75	65	10	55	752
13	84	45	10	35	1688
14	61	96	10	86	1101
15	127	69	10	59	1123
16	65	87	10	77	839
17	57	105	10	95	858
18	71	74	10	64	1212
19	135	87	10	77	1500
20	67	83	50	33	2291
21	108	28	20	8	1353
22	145	109	10	99	1048
23	59	100	20	80	1245
24	69	78	30	48	1899
25	120	54	40	14	1602
26	77	61	20	41	1403
27	149	118	10	108	1339
28	55	109	20	89	1796
29	139	96	10	86	1441
30	129	74	10	64	837
31	123	61	10	51	1187
32	131	78	10	68	954
33	63	91	10	81	752
34	147	113	10	103	991
35	121	56	20	36	1143
36	92	28	30	2	1552
