Participant 311_training	; Experiment run on 2018-06-03T15:04:50.117259
Trial	Input	Output	Predict	Error	RT
1	107	25	150	125	11787
2	91	30	20	10	8191
3	83	47	27	20	33158
4	111	34	20	14	23448
5	93	25	31	6	9971
6	117	47	35	12	19726
7	87	39	27	12	24008
8	105	21	25	4	21262
9	95	21	15	6	19013
10	109	30	30	0	8540
11	85	43	10	33	12324
12	101	12	25	13	8120
13	97	17	17	0	7878
14	115	43	55	12	7909
15	81	52	40	12	5910
16	119	52	80	28	6637
17	89	34	50	16	4181
18	103	17	36	19	6106
19	99	12	15	3	6143
20	113	39	24	15	7758
21	81	52	20	32	7532
22	99	12	30	18	6296
23	83	47	40	7	21318
24	93	25	30	5	18046
25	101	12	30	18	6534
26	105	21	32	11	7673
27	85	43	30	13	10798
28	119	52	80	28	4102
29	117	47	10	37	8728
30	115	43	30	13	3462
31	111	34	40	6	2308
32	103	17	25	8	4335
33	91	30	10	20	2501
34	97	17	33	16	4877
35	113	39	40	1	8083
36	87	39	20	19	3429
37	95	21	40	19	3818
38	107	25	40	15	3776
39	109	30	38	8	4113
40	89	34	30	4	2423
41	101	12	33	21	4559
42	93	25	30	5	5772
43	91	30	30	0	2294
44	99	12	30	18	2565
45	103	17	25	8	3728
46	115	43	30	13	1418
47	81	52	10	42	1784
48	119	52	10	42	1913
49	97	17	40	23	2719
50	107	25	30	5	3704
51	85	43	20	23	2420
52	105	21	30	9	2368
53	111	34	40	6	2533
54	109	30	39	9	7294
55	89	34	16	18	5122
56	113	39	10	29	2238
57	117	47	23	24	3646
58	95	21	33	12	4164
59	83	47	30	17	3445
60	87	39	43	4	6188
61	83	47	20	27	4757
62	99	12	32	20	2882
63	107	25	26	1	4626
64	85	43	43	0	4303
65	103	17	33	16	4133
66	113	39	8	31	5756
67	97	17	31	14	4110
68	111	34	42	8	3846
69	119	52	40	12	3539
70	95	21	17	4	4168
71	101	12	47	35	6093
72	91	30	31	1	4747
73	117	47	17	30	6567
74	93	25	30	5	6093
75	87	39	36	3	4101
76	115	43	40	3	5278
77	89	34	24	10	8523
78	109	30	15	15	6276
79	81	52	44	8	6036
80	105	21	44	23	5295
81	107	25	42	17	4261
82	97	17	38	21	5079
83	91	30	32	2	4197
84	117	47	20	27	7301
85	101	12	14	2	4434
86	85	43	45	2	7021
87	119	52	15	37	6203
88	105	21	42	21	4688
89	99	12	17	5	5170
90	93	25	21	4	6903
91	103	17	22	5	4392
92	111	34	24	10	6258
93	113	39	20	19	6881
94	89	34	29	5	4302
95	87	39	33	6	3518
96	83	47	28	19	4265
97	109	30	23	7	4213
98	115	43	46	3	7024
99	95	21	39	18	4504
100	81	52	42	10	3125
101	93	25	28	3	5037
102	109	30	22	8	3805
103	119	52	51	1	3890
104	105	21	42	21	3311
105	87	39	27	12	3622
106	97	17	41	24	5605
107	83	47	41	6	3795
108	107	25	42	17	3827
109	113	39	28	11	4073
110	117	47	28	19	7640
111	103	17	17	0	4255
112	115	43	37	6	4564
113	95	21	18	3	3972
114	91	30	31	1	3539
115	111	34	24	10	5020
116	81	52	45	7	5326
117	101	12	25	13	3742
118	85	43	55	12	4813
119	99	12	19	7	2944
120	89	34	30	4	7907
121	111	34	38	4	4030
122	119	52	57	5	5224
123	85	43	43	0	6515
124	81	52	20	32	6211
125	95	21	20	1	3034
126	107	25	43	18	3408
127	117	47	53	6	8010
128	101	12	22	10	4371
129	115	43	43	0	4058
130	89	34	30	4	2697
131	93	25	31	6	2713
132	83	47	21	26	5699
133	113	39	42	3	5281
134	105	21	23	2	2715
135	109	30	38	8	3137
136	97	17	15	2	3884
137	91	30	31	1	2766
138	103	17	42	25	3711
139	87	39	17	22	3289
140	99	12	37	25	4743
141	103	17	10	7	3749
142	91	30	31	1	2927
143	107	25	22	3	4638
144	87	39	42	3	6586
145	89	34	34	0	5185
146	113	39	18	21	5235
147	119	52	46	6	4226
148	105	21	21	0	3664
149	83	47	44	3	4265
150	111	34	41	7	5395
151	109	30	23	7	3752
152	95	21	21	0	3160
153	117	47	42	5	4040
154	85	43	44	1	5570
155	101	12	11	1	2511
156	93	25	32	7	2996
157	115	43	23	20	2670
158	99	12	12	0	3839
159	81	52	43	9	3564
160	97	17	34	17	6895
161	91	30	32	2	2860
162	93	25	28	3	2785
163	107	25	31	6	9706
164	99	12	34	22	4481
165	89	34	34	0	3875
166	113	39	41	2	3128
167	85	43	48	5	6504
168	83	47	44	3	4670
169	97	17	14	3	2966
170	105	21	43	22	3272
171	103	17	28	11	4442
172	109	30	37	7	5756
173	87	39	46	7	4412
174	95	21	27	6	5113
175	119	52	53	1	5514
176	81	52	42	10	4365
177	101	12	11	1	3452
178	115	43	33	10	4051
179	111	34	42	8	4447
180	117	47	24	23	3760
181	107	25	25	0	4677
182	109	30	43	13	3104
183	95	21	24	3	3672
184	91	30	29	1	5076
185	81	52	52	0	3169
186	113	39	40	1	3927
187	99	12	25	13	3550
188	85	43	22	21	2401
189	115	43	33	10	4758
190	119	52	52	0	4092
191	87	39	42	3	4213
192	117	47	23	24	2758
193	103	17	14	3	5161
194	93	25	35	10	6193
195	83	47	53	6	3831
196	97	17	42	25	3214
197	89	34	32	2	4490
198	105	21	22	1	2641
199	101	12	42	30	5124
200	111	34	42	8	3059
1	53	113	83	30	7434
2	79	56	44	12	8266
3	137	91	64	27	4389
4	133	83	68	15	5001
5	141	100	73	27	3890
6	114	41	24	17	8196
7	73	69	32	37	13904
8	51	118	120	2	4763
9	125	65	56	9	5775
10	100	10	10	0	4559
11	143	105	69	36	4788
12	75	65	20	45	4380
13	84	45	43	2	4339
14	61	96	133	37	8813
15	127	69	56	13	4173
16	65	87	22	65	7280
17	57	105	130	25	4891
18	71	74	142	68	5956
19	135	87	67	20	4955
20	67	83	125	42	7928
21	108	28	24	4	3862
22	145	109	62	47	4022
23	59	100	117	17	4016
24	69	78	137	59	5267
25	120	54	52	2	5263
26	77	61	43	18	8674
27	149	118	4	114	7517
28	55	109	121	12	5325
29	139	96	68	28	5228
30	129	74	58	16	9539
31	123	61	52	9	3395
32	131	78	62	16	3201
33	63	91	117	26	9968
34	147	113	7	106	3812
35	121	56	53	3	5625
36	92	28	28	0	3896
