Participant 317_training	; Experiment run on 2018-08-01T12:51:25.872000
Trial	Input	Output	Predict	Error	RT
1	107	25	106	81	38603
2	91	30	40	10	10350
3	83	47	44	3	10374
4	111	34	58	24	17179
5	93	25	41	16	11982
6	117	47	40	7	20662
7	87	39	30	9	20499
8	105	21	47	26	28300
9	95	21	33	12	6827
10	109	30	30	0	2477
11	85	43	16	27	25637
12	101	12	30	18	8330
13	97	17	30	13	5579
14	115	43	20	23	2781
15	81	52	25	27	7169
16	119	52	50	2	4329
17	89	34	30	4	15980
18	103	17	40	23	5699
19	99	12	24	12	6436
20	113	39	36	3	10820
21	81	52	30	22	5900
22	99	12	30	18	3885
23	83	47	50	3	6103
24	93	25	40	15	3221
25	101	12	30	18	8283
26	105	21	20	1	7341
27	85	43	40	3	6970
28	119	52	40	12	7795
29	117	47	47	0	7116
30	115	43	42	1	6129
31	111	34	39	5	4400
32	103	17	25	8	10029
33	91	30	40	10	5061
34	97	17	40	23	4155
35	113	39	40	1	5372
36	87	39	47	8	7162
37	95	21	30	9	6651
38	107	25	40	15	13270
39	109	30	30	0	4287
40	89	34	40	6	8413
41	101	12	30	18	7540
42	93	25	40	15	5823
43	91	30	30	0	3726
44	99	12	37	25	4383
45	103	17	20	3	4031
46	115	43	30	13	3247
47	81	52	35	17	5207
48	119	52	23	29	3398
49	97	17	40	23	4929
50	107	25	30	5	2785
51	85	43	40	3	4679
52	105	21	50	29	3106
53	111	34	60	26	3043
54	109	30	30	0	2096
55	89	34	38	4	16469
56	113	39	60	21	6319
57	117	47	40	7	4252
58	95	21	42	21	5201
59	83	47	36	11	4556
60	87	39	40	1	2639
61	83	47	39	8	3910
62	99	12	29	17	5124
63	107	25	30	5	2376
64	85	43	35	8	3959
65	103	17	20	3	4511
66	113	39	30	9	2366
67	97	17	30	13	2960
68	111	34	50	16	4175
69	119	52	44	8	8082
70	95	21	42	21	7914
71	101	12	30	18	2243
72	91	30	38	8	3561
73	117	47	50	3	2857
74	93	25	30	5	3567
75	87	39	30	9	4396
76	115	43	50	7	3794
77	89	34	34	0	5140
78	109	30	20	10	7081
79	81	52	30	22	3567
80	105	21	30	9	3146
81	107	25	28	3	5131
82	97	17	27	10	5897
83	91	30	30	0	3576
84	117	47	40	7	3519
85	101	12	20	8	2746
86	85	43	31	12	4181
87	119	52	47	5	6477
88	105	21	20	1	3671
89	99	12	12	0	3296
90	93	25	31	6	4294
91	103	17	15	2	4099
92	111	34	20	14	2866
93	113	39	30	9	3236
94	89	34	28	6	3306
95	87	39	30	9	3307
96	83	47	33	14	3446
97	109	30	22	8	3613
98	115	43	32	11	3299
99	95	21	33	12	4529
100	81	52	40	12	4426
101	93	25	33	8	4076
102	109	30	21	9	2367
103	119	52	21	31	2546
104	105	21	27	6	6429
105	87	39	34	5	3650
106	97	17	19	2	3530
107	83	47	36	11	3853
108	107	25	27	2	5116
109	113	39	39	0	3912
110	117	47	35	12	9262
111	103	17	31	14	8188
112	115	43	40	3	3186
113	95	21	20	1	3421
114	91	30	30	0	5243
115	111	34	30	4	2136
116	81	52	37	15	3409
117	101	12	37	25	6600
118	85	43	33	10	3316
119	99	12	30	18	2534
120	89	34	33	1	2621
121	111	34	32	2	4236
122	119	52	50	2	4282
123	85	43	47	4	4029
124	81	52	42	10	2835
125	95	21	20	1	3656
126	107	25	30	5	4488
127	117	47	50	3	2205
128	101	12	27	15	4104
129	115	43	49	6	5045
130	89	34	45	11	5306
131	93	25	36	11	6078
132	83	47	40	7	2419
133	113	39	48	9	4522
134	105	21	27	6	5762
135	109	30	30	0	2996
136	97	17	18	1	5181
137	91	30	22	8	3237
138	103	17	28	11	5053
139	87	39	50	11	3776
140	99	12	16	4	4958
141	103	17	20	3	4052
142	91	30	31	1	3339
143	107	25	27	2	5520
144	87	39	44	5	4779
145	89	34	31	3	3392
146	113	39	35	4	6731
147	119	52	52	0	3421
148	105	21	16	5	4845
149	83	47	47	0	4715
150	111	34	30	4	2911
151	109	30	30	0	1691
152	95	21	13	8	7210
153	117	47	49	2	5464
154	85	43	44	1	5422
155	101	12	17	5	4504
156	93	25	34	9	4948
157	115	43	39	4	4961
158	99	12	12	0	2916
159	81	52	45	7	4223
160	97	17	14	3	3478
161	91	30	29	1	5740
162	93	25	29	4	2081
163	107	25	20	5	4066
164	99	12	12	0	2421
165	89	34	30	4	2332
166	113	39	34	5	5582
167	85	43	49	6	4486
168	83	47	43	4	2702
169	97	17	12	5	3332
170	105	21	19	2	6442
171	103	17	18	1	4040
172	109	30	20	10	2318
173	87	39	33	6	5251
174	95	21	28	7	3442
175	119	52	50	2	4247
176	81	52	50	2	2835
177	101	12	12	0	3600
178	115	43	20	23	3203
179	111	34	24	10	4193
180	117	47	48	1	3702
181	107	25	27	2	5421
182	109	30	30	0	3498
183	95	21	20	1	4044
184	91	30	31	1	6006
185	81	52	49	3	5515
186	113	39	40	1	3877
187	99	12	12	0	2322
188	85	43	32	11	8052
189	115	43	40	3	4268
190	119	52	59	7	4689
191	87	39	39	0	8017
192	117	47	42	5	4928
193	103	17	18	1	3578
194	93	25	32	7	3606
195	83	47	47	0	3791
196	97	17	10	7	5113
197	89	34	30	4	2182
198	105	21	25	4	4922
199	101	12	12	0	5544
200	111	34	31	3	5002
1	53	113	60	53	7791
2	79	56	50	6	7185
3	137	91	80	11	5509
4	133	83	70	13	4291
5	141	100	78	22	4060
6	114	41	37	4	6230
7	73	69	66	3	7059
8	51	118	80	38	2890
9	125	65	59	6	9156
10	100	10	12	2	2532
11	143	105	70	35	3361
12	75	65	56	9	6955
13	84	45	43	2	3720
14	61	96	50	46	2776
15	127	69	54	15	7250
16	65	87	54	33	6167
17	57	105	65	40	5605
18	71	74	49	25	3892
19	135	87	69	18	5944
20	67	83	57	26	4775
21	108	28	20	8	3330
22	145	109	70	39	3271
23	59	100	60	40	5759
24	69	78	53	25	5606
25	120	54	48	6	5490
26	77	61	50	11	9215
27	149	118	80	38	2921
28	55	109	67	42	5921
29	139	96	60	36	7794
30	129	74	48	26	3308
31	123	61	47	14	5239
32	131	78	58	20	3754
33	63	91	60	31	5791
34	147	113	70	43	9167
35	121	56	45	11	4677
36	92	28	32	4	5953
