Participant 320_training	; Experiment run on 2018-08-03T10:00:31.492000
Trial	Input	Output	Predict	Error	RT
1	107	25	182	157	19947
2	91	30	15	15	13959
3	83	47	28	19	15689
4	111	34	20	14	18517
5	93	25	34	9	7461
6	117	47	38	9	12823
7	87	39	34	5	8325
8	105	21	39	18	5991
9	95	21	27	6	5371
10	109	30	20	10	6688
11	85	43	18	25	7930
12	101	12	35	23	5714
13	97	17	35	18	15348
14	115	43	17	26	5250
15	81	52	20	32	3484
16	119	52	46	6	5396
17	89	34	30	4	3237
18	103	17	40	23	3923
19	99	12	21	9	4042
20	113	39	40	1	8137
21	81	52	40	12	5828
22	99	12	19	7	6863
23	83	47	22	25	4023
24	93	25	46	21	3740
25	101	12	40	28	2274
26	105	21	40	19	2415
27	85	43	40	3	3108
28	119	52	40	12	4817
29	117	47	50	3	2113
30	115	43	57	14	4277
31	111	34	46	12	3553
32	103	17	18	1	5879
33	91	30	30	0	2009
34	97	17	37	20	7389
35	113	39	39	0	52863
36	87	39	21	18	5124
37	95	21	20	1	2615
38	107	25	39	14	4699
39	109	30	30	0	2161
40	89	34	28	6	6781
41	101	12	40	28	7004
42	93	25	26	1	4169
43	91	30	29	1	2648
44	99	12	20	8	3844
45	103	17	20	3	2756
46	115	43	40	3	4254
47	81	52	20	32	4946
48	119	52	40	12	2361
49	97	17	14	3	15462
50	107	25	28	3	9238
51	85	43	37	6	9288
52	105	21	20	1	9177
53	111	34	30	4	3231
54	109	30	30	0	1838
55	89	34	29	5	3386
56	113	39	35	4	8624
57	117	47	41	6	3534
58	95	21	16	5	10096
59	83	47	13	34	13137
60	87	39	43	4	5737
61	83	47	40	7	8292
62	99	12	10	2	3742
63	107	25	25	0	11794
64	85	43	47	4	4439
65	103	17	17	0	19017
66	113	39	36	3	9818
67	97	17	19	2	5958
68	111	34	11	23	3527
69	119	52	40	12	2899
70	95	21	20	1	2825
71	101	12	10	2	2176
72	91	30	30	0	2095
73	117	47	40	7	8133
74	93	25	20	5	3279
75	87	39	40	1	9633
76	115	43	46	3	5082
77	89	34	30	4	1925
78	109	30	30	0	17175
79	81	52	40	12	3708
80	105	21	25	4	8833
81	107	25	24	1	21045
82	97	17	20	3	5596
83	91	30	30	0	1638
84	117	47	46	1	19899
85	101	12	10	2	5168
86	85	43	40	3	3481
87	119	52	50	2	3171
88	105	21	23	2	15384
89	99	12	10	2	4993
90	93	25	20	5	13194
91	103	17	24	7	3684
92	111	34	30	4	2640
93	113	39	34	5	10849
94	89	34	30	4	2411
95	87	39	38	1	7340
96	83	47	45	2	9138
97	109	30	30	0	2723
98	115	43	40	3	5223
99	95	21	20	1	26595
100	81	52	45	7	11584
101	93	25	25	0	16309
102	109	30	30	0	2692
103	119	52	50	2	3519
104	105	21	18	3	24476
105	87	39	36	3	44805
106	97	17	17	0	8710
107	83	47	42	5	7598
108	107	25	25	0	7168
109	113	39	37	2	9011
110	117	47	47	0	7397
111	103	17	19	2	12512
112	115	43	40	3	5021
113	95	21	20	1	5699
114	91	30	30	0	4032
115	111	34	30	4	2894
116	81	52	47	5	7887
117	101	12	12	0	6759
118	85	43	40	3	6155
119	99	12	10	2	2432
120	89	34	30	4	2050
121	111	34	32	2	15340
122	119	52	49	3	3701
123	85	43	40	3	3498
124	81	52	50	2	2321
125	95	21	10	11	16869
126	107	25	24	1	11394
127	117	47	50	3	3684
128	101	12	12	0	6755
129	115	43	42	1	24620
130	89	34	30	4	1921
131	93	25	17	8	13598
132	83	47	43	4	9880
133	113	39	40	1	16122
134	105	21	20	1	4667
135	109	30	19	11	6160
136	97	17	15	2	4707
137	91	30	33	3	3688
138	103	17	20	3	23019
139	87	39	40	1	11636
140	99	12	10	2	1977
141	103	17	19	2	11668
142	91	30	28	2	8861
143	107	25	27	2	4251
144	87	39	40	1	10587
145	89	34	30	4	1746
146	113	39	40	1	3413
147	119	52	50	2	2113
148	105	21	21	0	18034
149	83	47	44	3	7204
150	111	34	30	4	2701
151	109	30	30	0	2817
152	95	21	20	1	7595
153	117	47	46	1	4434
154	85	43	43	0	10071
155	101	12	13	1	7564
156	93	25	25	0	35161
157	115	43	40	3	5312
158	99	12	10	2	2729
159	81	52	47	5	14287
160	97	17	17	0	6978
161	91	30	30	0	12892
162	93	25	26	1	12736
163	107	25	27	2	11348
164	99	12	10	2	5461
165	89	34	30	4	5049
166	113	39	40	1	4286
167	85	43	44	1	23422
168	83	47	48	1	6647
169	97	17	17	0	14712
170	105	21	20	1	9216
171	103	17	19	2	19726
172	109	30	30	0	3261
173	87	39	39	0	12837
174	95	21	20	1	19210
175	119	52	50	2	14201
176	81	52	51	1	18009
177	101	12	12	0	18801
178	115	43	41	2	7290
179	111	34	32	2	4054
180	117	47	49	2	3171
181	107	25	25	0	11342
182	109	30	30	0	5363
183	95	21	21	0	3366
184	91	30	32	2	8185
185	81	52	50	2	4981
186	113	39	44	5	20269
187	99	12	10	2	3384
188	85	43	42	1	7078
189	115	43	41	2	15715
190	119	52	50	2	2109
191	87	39	38	1	5716
192	117	47	48	1	7062
193	103	17	18	1	8062
194	93	25	25	0	26531
195	83	47	43	4	8362
196	97	17	17	0	16486
197	89	34	30	4	2945
198	105	21	21	0	12536
199	101	12	12	0	8918
200	111	34	32	2	3730
1	53	113	80	33	120847
2	79	56	50	6	6904
3	137	91	84	7	50426
4	133	83	70	13	17971
5	141	100	70	30	3422
6	114	41	45	4	15152
7	73	69	45	24	10271
8	51	118	30	88	49050
9	125	65	60	5	4271
10	100	10	11	1	15064
11	143	105	90	15	5249
12	75	65	40	25	17475
13	84	45	45	0	18042
14	61	96	69	27	65733
15	127	69	67	2	26726
16	65	87	70	17	9534
17	57	105	86	19	28569
18	71	74	73	1	14940
19	135	87	63	24	14552
20	67	83	30	53	37358
21	108	28	30	2	2522
22	145	109	77	32	24298
23	59	100	50	50	6411
24	69	78	40	38	18215
25	120	54	50	4	2312
26	77	61	53	8	36080
27	149	118	110	8	21544
28	55	109	90	19	25861
29	139	96	70	26	7799
30	129	74	60	14	4054
31	123	61	56	5	18010
32	131	78	67	11	7091
33	63	91	40	51	20672
34	147	113	160	47	25538
35	121	56	54	2	10033
36	92	28	32	4	23292
